k	res_srk	res_esrk	res_hb_double_inexact	res_hb_opt_beta	res_hb_beta_0.1	res_hb_beta_0.2	res_hb_beta_0.3	res_hb_beta_0.4	res_hb_beta_0.5	res_hb_beta_0.6
1	1	0.862535815855218	0.883380469849717	1.25379024676951	0.983376793085656	0.955290429797526	0.924990141420266	0.895859727826736	0.878330234219527	0.906276991305668
11	0.91478423795169	0.862535815855218	0.878679527699404	0.931518902687157	0.899816409773854	0.889299133630202	0.881951999025296	0.878515049928	0.878033221645425	0.881642456735967
21	0.91478423795169	0.772524820168741	0.830955816998339	0.87168715628516	0.899816409720045	0.889299114517354	0.881951613632191	0.878513759369639	0.878033363868527	0.87793809572035
31	0.887360464234464	0.816929003833186	0.833026204062293	0.901965795759069	0.882375233116673	0.879622500568127	0.878349870255543	0.852811881303278	0.80736749697106	0.787565475791361
41	0.887360464234464	0.816929003833186	0.836765585879935	0.887951705947673	0.882375233008282	0.879622486981686	0.878349765002285	0.852797441960882	0.80724421049585	0.787429950251479
51	0.887360464234464	0.764130062290971	0.787563097415375	0.835236291443245	0.882375233008282	0.879622486981685	0.878349765001664	0.852797440446867	0.807244090170539	0.78781173086797
61	0.831037832354154	0.700476765276618	0.765818624468003	0.757159503552189	0.805933940927489	0.780972502879171	0.759831802191956	0.749613729794508	0.734651693065547	0.737513456212086
71	0.831037832354154	0.665111793938036	0.743370970445437	0.743894406843359	0.805933468850239	0.780971499022509	0.759831235922065	0.742355577592911	0.727661722650114	0.739572042389473
81	0.831037832354154	0.665111793938036	0.75295760822301	0.743109082557402	0.805933468850239	0.780971499022407	0.759831235918879	0.74235486981895	0.727656766702708	0.725742450174306
91	0.831037832354154	0.610624002195993	0.696322011583819	0.675450521239218	0.805933468850239	0.771746436894779	0.736186465258376	0.704529326798689	0.665234536950736	0.656162251345807
101	0.799204235204197	0.47971403046498	0.689999734252014	0.647259549357789	0.751206617719125	0.691963243895165	0.63331141974644	0.612011564311926	0.623024232433943	0.652572811772875
111	0.669140943578379	0.359850671007525	0.410696407764431	0.431971372486728	0.637413502759015	0.599348140223658	0.551819921226089	0.509586943976569	0.477460538905064	0.496066672345436
121	0.651482430877983	0.278227015471885	0.26868071743178	0.35448273515292	0.628698812514575	0.596118241963868	0.55100677868465	0.50908223626025	0.474312590189465	0.481365449089246
131	0.635525065122155	0.277536125326494	0.264872628739089	0.315324173711803	0.620649910032916	0.59372201417288	0.551153367663794	0.509048195969307	0.474311059989058	0.478272277839557
141	0.635525065122155	0.277536125326494	0.265009258582686	0.289710317715944	0.620649909775361	0.593722029182903	0.551153504001478	0.509048164546797	0.474311060249866	0.478373473962472
151	0.635525065122155	0.255617307807307	0.264652535574092	0.287826648891956	0.620649909775361	0.593722029182905	0.52411606046524	0.420742398049065	0.3038080742275	0.26829044310271
161	0.635525065122155	0.255617307807307	0.264705864757531	0.288176678779557	0.620649909775361	0.593722029182905	0.523633050592306	0.418415673456412	0.296584691830128	0.274964851885399
171	0.630921585651458	0.255617307807307	0.264705918868015	0.29298678939061	0.618895307234054	0.593276858782067	0.523574353749004	0.41841479697264	0.296577815583737	0.275020863017462
181	0.581422106287956	0.170735529354915	0.250215275797336	0.27570502691966	0.538012906846878	0.474280742993193	0.399415639470437	0.329884667745783	0.268311342765975	0.271484640817135
191	0.452067418246533	0.170735529354915	0.208690904373183	0.236976218270938	0.396368398139025	0.348135987226868	0.32819587367194	0.312434478324671	0.261669547132636	0.265849514213354
201	0.429015780245711	0.0991794245757618	0.138830673605308	0.247448262117651	0.385448094720637	0.346433930075807	0.330483014859295	0.313509924546408	0.261704739379879	0.265577661998371
211	0.414694348102366	0.0991794245757618	0.112471241995195	0.273029866924329	0.359353813504116	0.303270083086124	0.27374606381072	0.266114835035524	0.261704773879269	0.258907135110616
221	0.412752408558062	0.0991794245757618	0.112464079541495	0.273085636942516	0.355132356772297	0.297545919247278	0.268990027421348	0.264427848044941	0.26170477391296	0.258872378686787
231	0.41267932060926	0.09848912058913	0.112464162472419	0.260009377682023	0.35509770167831	0.297432382719	0.268782098427195	0.264276057902633	0.261704773912993	0.258848871629624
241	0.412674752182664	0.084949000956406	0.112464162471985	0.261634250360322	0.355097105862868	0.297432354774909	0.268782097287782	0.264276044626547	0.261704773912993	0.25884844836289
251	0.413061511066284	0.084949000956406	0.11256229277544	0.349308335060443	0.355166390127044	0.297011211973341	0.268339089843061	0.264116767423096	0.261704773912993	0.258413555401689
261	0.413957397642783	0.084949000956406	0.11268281703659	0.318268796161484	0.356055000336093	0.297573842641038	0.26849688594068	0.264125719808785	0.261704773912993	0.258978340024529
271	0.414043591434756	0.084949000956406	0.112692398715286	0.318291305547293	0.356106638289726	0.297591532676129	0.268498870972277	0.264125972254303	0.261704773912993	0.258799291172998
281	0.413603332658047	0.084949000956406	0.110974213589564	0.318710113162813	0.355995311787423	0.297576347026885	0.260054680115909	0.244554942048481	0.265414525693065	0.337004023828076
291	0.413603332658047	0.084949000956406	0.11097421370857	0.363577883967906	0.355987518563861	0.297574112357742	0.260052088420344	0.244548792881576	0.265973873631613	0.341716940072581
301	0.413603275680603	0.084949000956406	0.110570131050669	0.354367438327837	0.355987514751195	0.297574112292539	0.260052088405256	0.244548786774436	0.253074304084003	0.292803516685265
311	0.413795789365699	0.084949000956406	0.110570618857751	0.314077179803429	0.356094203340933	0.297614172906335	0.260055296043286	0.244548785471111	0.253069556933251	0.292825106665195
321	0.413795775127964	0.0840406149170599	0.110570619749469	0.311722871745945	0.356096640924753	0.29761546815068	0.260055375089726	0.244548784602722	0.253069552337593	0.292858003684397
331	0.414472377257084	0.0840406149170599	0.0793318081308658	0.258458042849704	0.356484423654036	0.297763479739158	0.251776500125609	0.233708456074688	0.242505779245279	0.283905998256989
341	0.414472377257084	0.0840406149170599	0.0793890598859378	0.257582286365676	0.35653120303702	0.297802502426484	0.251617860424969	0.233653161072104	0.242546848423911	0.284510521598536
351	0.314335347511977	0.0643529467312142	0.0597644902784593	0.206860152066319	0.277043143274153	0.245970789001464	0.232521806278855	0.230867173296382	0.241891002803345	0.276034355536115
361	0.283632659232472	0.00461741582149574	0.00553274709293498	0.1572903623202	0.251447592305658	0.216903512929408	0.203326141012991	0.206404395354346	0.207425640654923	0.217068907321133
371	0.283632659232472	0.00461741582149574	0.00553073373281078	0.132667413579631	0.251447340705958	0.216898930130828	0.203331566596195	0.206464863727719	0.207208856323994	0.21637518464384
381	0.283632659232472	0.00461741582149574	0.00553073621152944	0.132649028108176	0.251447340705958	0.216555089713631	0.202034964479632	0.205698667145116	0.207208647738691	0.216373259880507
391	0.259432790873933	0.00461741582149574	0.00072549018500846	0.0837760340112445	0.23384356457826	0.207259038140154	0.201199983039909	0.203044220852491	0.204352191141063	0.0804804808814469
401	0.259257166294493	0.00461741582149574	0.000630155125212376	0.0722876325522367	0.233806958701923	0.207251582134583	0.201198312425666	0.203023468939646	0.204340910760288	0.0812045918029579
411	0.252919734370768	0.00461741582149574	0.000629971466424871	0.0711116945824312	0.231311264299366	0.206637820451469	0.201164791995867	0.202954174267123	0.204340910749902	0.0788234511254189
421	0.252919732914893	0.00461741582149574	0.000629971466889251	0.745457572955128	0.223347451572355	0.152020753982314	0.0886202753964009	0.0590186755217159	0.0796522673600471	0.0746094505631411
431	0.250212884337398	0.00461741582149574	0.000629971598978643	0.742833779436361	0.216032938716575	0.146124989964934	0.0782512858799316	0.0736466596370644	0.123248911034944	0.0912993662536698
441	0.234219588107811	0.00461741582149574	0.000629971686007897	0.142067205454306	0.19978434318193	0.137693924761174	0.0750669329649031	0.0725098620435574	0.123295545277535	0.0811115428232874
451	0.222310595949049	0.00461741582149574	0.00041265536136786	0.139049253118179	0.173090327303381	0.126264719416072	0.0750301805953477	0.0530998288416051	0.122875026513131	0.117358624272605
461	0.168309768201451	0.00461741582149574	0.000314761844024137	0.138877441718772	0.144179562002549	0.108146456402323	0.0613800901336472	0.0363746558004049	0.105579991600594	0.0800039669829535
471	0.168804810504982	0.00461741582149574	0.000314866493726242	0.0282535900041337	0.145535175436373	0.109420891090096	0.0619529620804972	0.0358302334258383	0.105533033057913	0.0839995740409758
481	0.117566753377857	0.00461741582149574	6.47801685002644e-07	0.250819165604299	0.0813905037766458	0.0524145734046826	0.0331320686865339	0.0289261938407801	0.0286144883095279	0.0423582178037882
491	0.103529508270749	0.00461741582149574	1.91789461447783e-07	0.252253771039557	0.0655481782792883	0.0403893149336255	0.0301050430113986	0.0286734609626578	0.0286145020428133	0.0377201177899015
501	0.101527231927684	0.00461741582149574	1.92055724321507e-07	0.238433443736945	0.0638970273495245	0.0403430080574914	0.0301042498217137	0.0286730554998939	0.0286145047383816	0.0377095228732229
511	0.0935443578234678	0.00461741582149574	1.71153253031432e-07	0.279836029005822	0.0604298375597412	0.039548481745009	0.0300662943279647	0.0286558538136582	0.0286137684310106	0.0330754587918341
521	0.0885386451019123	0.00461741582149574	8.45297228937436e-07	0.279835234797524	0.0592035675495855	0.0393781780464003	0.0300535380364526	0.0286549395724464	0.0286137677129841	0.0330648096974955
531	0.088364278398773	0.00461741582149574	9.17963123080535e-07	0.279835234372634	0.0590577073718865	0.0393781781581919	0.0300535385395763	0.0286549396988323	0.0286137677129852	0.033064937665904
541	0.0801768952441898	0.00461741582149574	8.58012421942684e-07	0.27983523503625	0.0553682490166129	0.0384223343500661	0.0299651872544618	0.028654157335632	0.0286137677129852	0.0330494706925638
551	0.0599705325669857	0.00461741582149574	2.95977423737122e-06	0.144729045377357	0.0432544202911688	0.0329143836167867	0.0290115773419718	0.0286220932575245	0.0286137676763165	0.0290585939791894
561	0.0598374075720736	0.00461741582149574	2.79603663611932e-06	0.144728936958377	0.0432046244220939	0.0328858611303103	0.0290015905232966	0.0286212191993763	0.0286137676710871	0.0295475360465487
571	0.0594135707932224	0.00412994226289898	2.70153163329764e-06	0.105313128132468	0.0431060882390912	0.0328766708519279	0.0290015810106629	0.0286212078774989	0.028613767671082	0.0295510410163104
581	0.056634207795163	8.98481631169512e-17	1.30249234578572e-06	0.105109045589604	0.0422709417114959	0.0327072247977172	0.028994112039666	0.028621186621057	0.028613767671082	0.0295498052964231
591	0.056593384146473	8.98481631169512e-17	1.26752026833302e-06	0.105109067754159	0.0422612395587237	0.0327057352289602	0.0289940187538415	0.0286211862020772	0.028613767671082	0.0295498589454762
601	0.0530023452382364	8.98481631169512e-17	1.26487972027494e-06	0.0990207604635532	0.0412304245170557	0.0326001944472992	0.0289950290296801	0.028620793168943	0.028613767671082	0.0292008286674129
611	0.0530023452382364	8.98481631169512e-17	1.26507776291638e-06	0.0648034191933206	0.0412304216282529	0.0326001966690151	0.0289950392042696	0.0286207909328378	0.028613767671082	0.0292001937884852
621	0.0530023452382364	8.98481631169512e-17	1.26488873471697e-06	0.0659800755620385	0.0412304216282529	0.0326000117228893	0.0289947587844787	0.0286207906274619	0.028613767671082	0.0292002034938425
631	0.0529956179047264	8.98481631169512e-17	1.26496018276769e-06	0.0591275616116334	0.0412305044395991	0.0326001211125739	0.0289947591705283	0.0286207906264037	0.028613767671082	0.0292002035537772
641	0.0529854278278545	8.98481631169512e-17	1.19286614850859e-07	0.158986413350114	0.0412288485233305	0.0326000245010676	0.0289947587156567	0.0286207906264038	0.028613767671082	0.0292002035541636
651	0.0464315388598071	8.98481631169512e-17	1.27699099996449e-07	0.0440289251517396	0.0387387701130548	0.0319573810395407	0.0289414623355039	0.0286194351460496	0.028613767671082	0.0288423854346312
661	0.0464317880867944	8.98481631169512e-17	1.88013497646453e-07	0.0481947090199774	0.0387387896509578	0.0319573277326985	0.0289414574929318	0.0286194269827254	0.028613767671082	0.0288499018010811
671	0.0463344224584217	8.98481631169512e-17	1.5498604712332e-07	0.0846797117529083	0.0387943348678032	0.0319573277326948	0.028941457492905	0.0286194269818757	0.028613767671082	0.0288499649682203
681	0.0464016247431067	8.98481631169512e-17	1.38415056999797e-07	0.0717884880285007	0.038837782928296	0.0319573277326948	0.028941457492905	0.0286194269818756	0.028613767671082	0.0288499653508156
691	0.0464004264981294	8.98481631169512e-17	1.41142392873811e-07	0.0718045260109899	0.0388431320304686	0.0319573262892579	0.0289414574906353	0.0286194269818756	0.028613767671082	0.0288499653531274
