k	rt_srk	rt_esrk	rt_hb_double_inexact	rt_hb_opt_beta	rt_hb_beta_0.1	rt_hb_beta_0.2	rt_hb_beta_0.3	rt_hb_beta_0.4	rt_hb_beta_0.5	rt_hb_beta_0.6	res_srk	res_esrk	res_hb_double_inexact	res_hb_opt_beta	res_hb_beta_0.1	res_hb_beta_0.2	res_hb_beta_0.3	res_hb_beta_0.4	res_hb_beta_0.5	res_hb_beta_0.6
1	0	0	0	0	0	0	0	0	0	0	0.0131110286744678	0.0158834143646609	0.017007473485075	0.0155832724279046	0.0132920372864006	0.0135972238327645	0.0139926513679244	0.0150562732477215	0.0761335296341959	0.758321645769396
10001	0.0654074340000001	0.193376043000001	0.108881048	0.199880233	0.0991730279999997	0.0883727929999998	0.0859042420000002	0.0848750199999995	0.0839540620000003	0.0848049750000003	0.0100102128558891	0.00907634876028229	0.00947028645545417	0.00885867598016868	0.0107378111159105	0.0115566009696682	0.0134695347782691	0.0165487593066018	0.0421869202750937	0.850217731469832
20001	0.125635718	0.369091747	0.211324138999999	0.382965258000001	0.192682283000001	0.172411729	0.167520017	0.165770362999999	0.164570772999999	0.165875735	0.00964395646650812	0.00910048911463295	0.0090528331367731	0.00870092428880433	0.0097131197448491	0.00990278819206699	0.0102511635769503	0.0110004104380984	0.0196043583801493	0.814570937356655
30001	0.196286716999999	0.590053698000002	0.33084744	0.56325867	0.301166298000002	0.268327208000001	0.260186071999999	0.257748174999999	0.257133461	0.257499667000001	0.00894073809125787	0.00850818498908662	0.00850206954458821	0.00804614172275057	0.00896630786106219	0.00899778159149882	0.00909712403170895	0.00960081581418964	0.0181243004939303	0.732522013840688
40001	0.283343765	0.884215410000006	0.470858695999999	0.751375683999999	0.427447462	0.391800399000003	0.364781794000001	0.363239936	0.361515501999998	0.367058559	0.0078595575891869	0.00742035909451236	0.00774819670563762	0.0069621954613384	0.00784619871950388	0.00784058842576604	0.00783754772963686	0.00793409979760181	0.0163857553072466	0.99201479835158
50001	0.367924805	1.18849798100001	0.617511183000003	0.917762571000001	0.562429838000002	0.507272002000001	0.474647284000001	0.472784456999997	0.473192217999999	0.476485472000001	0.0105164992087852	0.0105448798764136	0.0106846076281757	0.0100134573258208	0.0111646542571483	0.0121241585451217	0.0137746854415465	0.0175114674715578	0.0286000067361017	0.722060064605571
60001	0.436280517	1.42521752900001	0.734047586000005	1.048854272	0.668747555000002	0.600182982999999	0.564587644000003	0.563369737000002	0.562908241	0.566653869000001	0.00723708696242	0.00682417650103994	0.00686651546952693	0.00650023297620312	0.00726397576479047	0.00731580590802353	0.0073907987716665	0.00763186069366926	0.016213335531778	0.808860426563248
70001	0.499986928999997	1.64616634100002	0.843633791000009	1.157331141	0.769354088999999	0.690811877999999	0.652517635000007	0.650998084000001	0.650564196999993	0.654239709999994	0.0103325506490449	0.0101835318044275	0.0101771688714831	0.00972215722619421	0.0112257401799634	0.0123955107610866	0.0138482241222867	0.0152767884813561	0.0265808000688443	0.782852630147281
80001	0.562028915999995	1.85409918600003	0.950953549000004	1.263474289	0.867893070000001	0.779630849999997	0.739298158000005	0.737181151999999	0.736646664999988	0.740706054999994	0.00779613034739608	0.00774577970907145	0.00757967081828247	0.00739253817462376	0.00815240324247702	0.00881084801102626	0.00995691426116893	0.0126061284012402	0.0190537280454352	0.727700021014519
90001	0.622989975999996	2.05335977000002	1.055870937	1.36495137599999	0.964184028999998	0.866871498	0.824199045000008	0.821815039	0.820848446999985	0.825398817999999	0.00731073533656392	0.00686413275420735	0.00698692371308719	0.0253866786090601	0.00736064054568471	0.00744583436531167	0.00757188692737714	0.00893385968523401	0.0225804180226042	0.703583330168509
100001	0.68382729499999	2.24840022000003	1.16071305999999	1.47969633	1.060434507	0.953764982	0.909388765000008	0.906193789000005	0.904908971999984	0.909381735999996	0.00962284746568643	0.0100953836633009	0.00906706957485365	0.0096281865669167	0.0102374377950112	0.0110482834118051	0.011970977432428	0.0124370348773904	0.0167479655270041	0.723386961526743
110001	0.745486209999986	2.44468395300002	1.26769327499998	1.58426217599999	1.158372165	1.04258602399999	0.995714300000008	0.991856797000003	0.990858704999986	0.995086103999998	0.00911405667999223	0.00925685032671503	0.00871262783306333	0.00865988996879819	0.00970350322973092	0.0105789427742198	0.0119433587643385	0.0145328496302466	0.0364002123884208	0.806006482396747
120001	0.806728171999984	2.633715432	1.37388555399998	1.69182700999999	1.25591074599999	1.13091329100001	1.08223691900001	1.07776998100002	1.07645695899999	1.080844061	0.00718707879223386	0.0067871978177461	0.0103734741636118	0.00630269314436986	0.0074639073337886	0.00800586402337435	0.0087706037282702	0.00979861873601368	0.0153615251674174	0.742717978795617
130001	0.867511727999981	2.83422192999999	1.47911312399998	1.79060349799999	1.352573092	1.217786699	1.16752499200001	1.16265616300002	1.16067815399998	1.16497307	0.00689263542271469	0.00671641358504956	0.0066299535657985	0.00616723176177177	0.00706280552078354	0.00749096571105217	0.00846474197977764	0.0103470168563245	0.0128208425975828	0.713665787136386
140001	0.929543461999982	3.04105231799999	1.58623144999998	1.89475992399999	1.454988006	1.31393449299999	1.25412434800001	1.24815303400002	1.24637606599998	1.252265749	0.0067247196128885	0.00658644975944843	0.00651651565281958	0.00612097551967475	0.00707611454149685	0.00763139479614748	0.00835782478396234	0.00930005707830282	0.0159081885438324	0.725629745768263
150001	0.991841533999985	3.24063699999999	1.69420771199997	1.99685443499998	1.55356856599999	1.40276961899999	1.34105919100002	1.33446990500002	1.33256460099998	1.33865992199999	0.00669060829396772	0.00653572863790431	0.00634453592123282	0.00606419789015068	0.00667490586829857	0.00658941355134338	0.00646792410708512	0.00666209661536989	0.0138749106928265	0.728075220837934
160001	1.05328727199999	3.432909012	1.80045820099997	2.09764563899999	1.650931165	1.49082744899999	1.42743829900002	1.41976553900003	1.41732511999998	1.42334597999999	0.00748658269749779	0.00759085777798908	0.00727835889168551	0.00718390834606167	0.00753107330000544	0.00765805992185181	0.00805335906938832	0.0093638494825885	0.0176619345858272	0.709646382317316
170001	1.115663694	3.62809661100001	1.90770972099997	2.19863599399998	1.749530737	1.57927694299999	1.51424141800003	1.50606453300002	1.50321018499998	1.509529513	0.00736294373700952	0.00750440633163261	0.00732655331955788	0.00698927479196772	0.00754478436187557	0.00782055246410985	0.00832853655448374	0.00957272711355654	0.0203179494924108	0.809737740947384
180001	1.17973514100001	3.82221454400002	2.01694155599998	2.31487614299999	1.84985522500001	1.66953113599998	1.60241989900003	1.59396626000002	1.59023471699997	1.59696237999999	0.00722212894119648	0.00737960121966717	0.00724331326598317	0.00678926598837952	0.00754454996984292	0.00804665285081132	0.00941781013098663	0.0120686082472908	0.0130400749086499	0.716237395337728
190001	1.24157570000002	4.02903725200002	2.12420008999999	2.41322649499998	1.94800640100001	1.75804344599998	1.68887288600003	1.67981759500002	1.67581445499998	1.68248224999999	0.006704855548483	0.00651298451425803	0.00635827884105274	0.0059798769069255	0.00660020603552565	0.00642066348236078	0.00617727926274895	0.00647842521980239	0.0199833761522761	0.843572754289803
200001	1.30447971700002	4.24640483199998	2.23310627500001	2.51819812699998	2.04765249400001	1.84821350899997	1.77683179800003	1.76716050600002	1.76282830099997	1.769861148	0.00738314680685508	0.00723996699827076	0.00697632789374144	0.00685631893209893	0.00723472027663542	0.00711336308638785	0.00693383094430957	0.00703914098750654	0.0200986971130086	0.788281361235466
210001	1.36754728600002	4.46064217999998	2.341913681	2.62657569699997	2.14805952600003	1.93810409599996	1.86447276800004	1.85423840600003	1.84963396899996	1.85686793800001	0.00635086398959847	0.00620665992552705	0.00600735901364124	0.00568975791582748	0.00649762517688333	0.0068193911783144	0.00749136307407495	0.00883751707667205	0.0134863976626109	0.76964400614977
220001	1.42943373900002	4.66409296699994	2.448675757	2.73493182499998	2.24543651800002	2.02626304899997	1.95059430700004	1.93969423100002	1.93493999699996	1.94209500500002	0.00623772125515257	0.00599518408705884	0.0068852859976417	0.00541208769676723	0.00612456401163025	0.00584800900598806	0.00547346760460888	0.00613086422292633	0.016393108066563	0.805335403882669
230001	1.49472784500002	4.89357341299993	2.56127285799998	2.85095264799998	2.34899486300002	2.11956739699997	2.04142906700003	2.02993499100001	2.02501586699996	2.03190863300003	0.00857823648997273	0.00853545753248089	0.00809055754117654	0.007740383565799	0.00919926414633588	0.0100838164132281	0.0115426295864121	0.014500956576214	0.0261142742609389	0.737825075301748
240001	1.55870585900002	5.09774221899998	2.67219967799997	2.95820543099997	2.45047779000001	2.21126675999998	2.13045691400004	2.11877796099999	2.11333138599996	2.11990273000001	0.00695919194804212	0.00712866464029632	0.00686580925368604	0.00650805456424319	0.00722602799279778	0.00762120333795667	0.00826071454237857	0.00992968886006313	0.0336092637344434	0.586060100139251
250001	1.62459696500002	5.32652890299996	2.78674050499995	3.06584108499996	2.56323546100001	2.30529986099996	2.22217518600004	2.20991551199997	2.20394527099998	2.21237230400002	0.00653589480467353	0.00637099583948829	0.00614146388775771	0.00561249277124631	0.00648325483407333	0.00637716528682677	0.00624343286763101	0.00708038313157053	0.0107897033733856	0.66617419660585
260001	1.68757941800002	5.53380381099997	2.89548385699994	3.16988574599996	2.6629702	2.39509204599995	2.30996105000007	2.29731756399997	2.29097991399997	2.29942430100001	0.00665072410518995	0.00707476788141984	0.00646920210393237	0.00644158883155132	0.00694369921849802	0.0073960200144476	0.0081926148760645	0.00994414082083277	0.0125664952685462	0.786480829954685
270001	1.75068702300002	5.75226701499996	3.00510195199995	3.27308921399995	2.763548235	2.48540352999996	2.39814537000007	2.38481550299994	2.37808322899997	2.38666786700001	0.00588553065083327	0.00579122371699397	0.00562365212807266	0.0126181432651393	0.0058292978808507	0.00578554429599459	0.0058589688090729	0.00688059694212813	0.0181806802915753	0.685189511265116
280001	1.81364421700002	5.95063269799995	3.11425118299996	3.37861842899995	2.86450701900003	2.57661093099998	2.48693419700007	2.47305078599993	2.46593109299995	2.47458863200001	0.00650021270394506	0.00699809243397851	0.00631789920287171	0.0060306184969494	0.0066165116469986	0.00692326176196852	0.00735861920051119	0.00886272398314813	0.0151302409921568	0.700652995679954
290001	1.87735842300003	6.13326420799995	3.22409624499995	3.48373156899993	2.96509235900004	2.66723824299998	2.57558133100007	2.56078758599994	2.55385038699997	2.56213451500001	0.00628648792456056	0.00614468231596583	0.00584229622495441	0.00535004627673749	0.00621606186361251	0.00607792368146304	0.00604264549342573	0.00648308128532863	0.0119292443787145	0.761276474946548
300001	1.93976932000003	6.31605220599991	3.33229254099997	3.59026937699992	3.06445221900006	2.75738257499998	2.66340160000009	2.64807693599994	2.64061549599997	2.64912803700002	0.00601864941900451	0.00605961048584717	0.00575413014061345	0.00530510555375169	0.00617915545245031	0.00651026400103563	0.00732952929241642	0.00934993822769764	0.0190294311769173	0.68282382111201
310001	2.00568716900005	6.51159416599987	3.44615931199997	3.70026504999993	3.16910177100004	2.85166837299997	2.75530072300008	2.73953165299993	2.73136195199996	2.73971007200003	0.00645915577025221	0.00680947136911268	0.00634105513546655	0.00597709031083655	0.00687130060685394	0.00757110613527881	0.00888026660621601	0.0116024570509936	0.0148903228342146	0.726780117423664
320001	2.06984758200005	6.6929570499999	3.55611919499999	3.81153768899995	3.26994265600003	2.94308269099998	2.84470415600009	2.82842442599993	2.81983376999996	2.82826277000004	0.00583673188038605	0.0057531358035222	0.00551520201084737	0.00488806945317085	0.00577602613394923	0.00576471462477203	0.00582452705382037	0.00602572774168856	0.00627751275725079	0.741864267556678
330001	2.13255870400004	6.87252272199985	3.664293764	3.91893710499996	3.36887615400004	3.03247867200001	2.93232294800011	2.91548577899991	2.90622679499997	2.91475282900003	0.00665730596958837	0.00694264010822796	0.00654217033084173	0.0060512018006966	0.00666010625090658	0.0067816937816927	0.0069801697521477	0.00765064989464324	0.0153956639069898	0.683728963345869
340001	2.19634560100003	7.05653581699983	3.77417371199999	4.02900945899997	3.47002355600002	3.12369581700001	3.02131483000014	3.00371083899992	2.99457434899995	3.00295750400005	0.00584009583156422	0.0061105496155081	0.00557177651234115	0.0052045843817063	0.00596011956085454	0.00621677609527509	0.00678582491945609	0.00863488207259262	0.0210842507721956	0.731755242269845
350001	2.26105350200001	7.25295550399979	3.88553415300001	4.14257509499998	3.57227450500003	3.21621042600002	3.11150822700014	3.09319029899991	3.08417590299996	3.09241498400005	0.00585628495567584	0.00597515559634453	0.00547733535126986	0.0051020540918636	0.00584345988849694	0.0058113759463436	0.0057673921266957	0.00585856667181904	0.0141374859812458	0.728734733818275
360001	2.327502902	7.45440264099973	4.004404003	4.259527654	3.67599114200004	3.30790161	3.20181732000014	3.18201229399991	3.17582004299996	3.18113313500006	0.00575514051467286	0.00581533470769681	0.00552433046068941	0.00497634778563437	0.00591935959984129	0.00623408404015931	0.00685657953663563	0.00805017834069186	0.0195167445322702	0.744039332314061
370001	2.391427237	7.65963018599973	4.11491218000002	4.36852867700004	3.77723218100002	3.39912345700004	3.29077385100014	3.27045910699991	3.26400204199996	3.26896058000005	0.00559862899090031	0.00558262086549906	0.00519273746959867	0.00471547210644956	0.00580610646337772	0.00627241630762752	0.00732713500940285	0.0098939680108157	0.0216821783637069	0.751999825972805
380001	2.454710376	7.86673203599973	4.22416072700005	4.47799260200003	3.87772447600002	3.48979286300006	3.37933330300013	3.35849748199991	3.35141876199996	3.35669492900005	0.00770082504851212	0.00884461943230787	0.00735345502313457	0.00656425140429741	0.00822396707334545	0.00887548042127584	0.00957028546091387	0.0100501534518862	0.0125591973609608	0.755175783150919
390001	2.522017792	8.07747871499967	4.33957812600003	4.60538552900003	3.98355669200001	3.58541439600006	3.47231021500014	3.4509557219999	3.44403481999994	3.44874098600004	0.00586863241320724	0.00583052587417346	0.00553611130009048	0.00497374566993197	0.00578057518640211	0.00568179233290977	0.00561778425575762	0.00574854940867625	0.0108476679651755	0.657621898736088
400001	2.58681682799999	8.28405610499965	4.45139049799999	4.72263508899999	4.086211431	3.67793851600008	3.56268838400015	3.54073505699991	3.53321948999993	3.53779625500003	0.0062539405109396	0.00638462459926632	0.00605284363749789	0.00568679503049664	0.00666952746149949	0.00727459533867853	0.00814526975538226	0.00955233705041558	0.0137074109925927	0.683174059773159
410001	2.65109891299999	8.50978796199973	4.56263781400001	4.82610290299997	4.18823976600001	3.77005876900008	3.65241812200014	3.63016547599991	3.62248258499994	3.62700029400003	0.00586295804615991	0.00598193060842641	0.00560617348604437	0.0049103200588191	0.00591774626970462	0.00604472923242162	0.00635029896374164	0.00722797653644201	0.0144019759241807	0.705385027282729
420001	2.71686267599999	8.74600182999966	4.67662260099998	4.93797550899992	4.29351306600002	3.86552386900006	3.74490152700013	3.72170526299992	3.71388095799995	3.71797890500004	0.0061848133904387	0.00621642796242219	0.00595725399676476	0.0053013345304948	0.00630675327352798	0.00646704832466595	0.00669689848190125	0.0073381093459995	0.0120580169860774	0.667826540278347
430001	2.78114420799999	8.97600957699964	4.78818805800001	5.04360074799992	4.39583120000002	3.95806737200008	3.83516284300012	3.81087377899991	3.80298343899997	3.80691948500002	0.00736258039671001	0.00742613059545212	0.00676028142709768	0.0061638318774635	0.00766851640231379	0.00805561381371599	0.00860859697892093	0.00985158814325086	0.0198316239988827	0.688986836004868
440001	2.84495896399997	9.21649599999963	4.89806150800002	5.14823480299991	4.49729272100001	4.04918317900009	3.9237021890001	3.89882082399992	3.89061000999995	3.89474710200003	0.00597710797130803	0.00614244279329232	0.00567821328241595	0.00535805251192017	0.00641164783369978	0.00707467040206059	0.0079812243868049	0.00897858234251614	0.0130508352494978	0.655593052742328
450001	2.90980080099998	9.46141596099955	5.00972184300006	5.25721296099991	4.60010745100007	4.1414876780001	4.0136953280001	3.9884012169999	3.97997887999995	3.98387343500005	0.00729530792318746	0.00732523913166603	0.00720637777561051	0.00614683904514568	0.00763262965030582	0.00805843573002114	0.00861777946683816	0.00920414006984998	0.0146443434696713	0.669383145341596
460001	2.975766068	9.70792581199954	5.12318116100007	5.36715457099993	4.70466852000006	4.2360204400001	4.1056771920001	4.07976043999991	4.07103112599993	4.07483306800007	0.00536081888750823	0.00522467399913681	0.00494226908609642	0.0042903740982987	0.0056791956476039	0.00633003101828581	0.00761790115436367	0.0101746025124387	0.0190326559981019	0.673825505335112
470001	3.04266305000003	9.95726304799951	5.24433133400004	5.48002714699989	4.81016730300002	4.33293265400008	4.19764607800008	4.17092351199995	4.16449532599992	4.16581879700006	0.00581082241836863	0.00597012658953606	0.00556902682882471	0.00503765124483332	0.00619755797191947	0.00680633998443115	0.00781659780058256	0.00970212573996126	0.014512212113224	4.98333895739074
480001	3.10717387200003	10.1920331269995	5.35524025600004	5.60402562599991	4.91173493400005	4.42419584400012	4.28677070000007	4.25978031399992	4.25286134199999	4.25417555300007	0.00520904135852286	0.00502879198183282	0.00524086344412243	0.00430394057377241	0.00548942186002759	0.00606942725090261	0.00718081592359244	0.00916994436186811	0.0131117308916195	73560230868.5089
490001	3.17324995900002	10.4376539789995	5.46943953099999	5.7137917919999	5.01631370900005	4.51821863100012	4.37866699100004	4.35124561299994	4.34379939699999	4.34574925400009	0.00724074270182018	0.00730885328504001	0.00673179413863169	0.00598318894718012	0.00718701690561383	0.0073250497048992	0.00799921737782186	0.0103990535232055	0.0190170801011777	5.83316909090511e+24
500001	3.23974236300001	10.6862277339996	5.58414938299997	5.82707057299989	5.12208750700004	4.6140020980001	4.47170757800008	4.44326098899999	4.43556559100003	4.43824779500008	0.00715268915628499	0.00730685337695941	0.00667411172627609	0.00591014703391439	0.00694793888863098	0.00663098871827258	0.00617422965484739	0.00599556550992269	0.00946341328902555	5.07455098828733e+39
510001	3.30544649900001	10.9230377429996	5.69793252199997	5.95047611099991	5.22626135800003	4.70751478500012	4.56337716400008	4.53458015099999	4.52643666900006	4.52973339400011	0.00519816493811166	0.00506620815613242	0.00480993198424081	0.00416624115009489	0.00511294954158391	0.00499049531880421	0.00483923231160796	0.00525465057080488	0.00956176722873451	1.67952174293091e+53
520001	3.37139674300001	11.1751487259995	5.811414248	6.05898308999993	5.33118157099998	4.80134678600012	4.65484810000008	4.62568673699999	4.61722115700003	4.62070073100012	0.00566246068170267	0.00554997736026087	0.00540035688416156	0.00434949877470049	0.00571656104921183	0.00581035127934133	0.00586858272427017	0.00557845333052865	0.00484825463798837	2.45110082560736e+68
530001	3.43618380700002	11.4137519369995	5.92276298100002	6.17504634099997	5.43367037199998	4.89357529100014	4.74502336500004	4.71491341299993	4.706313235	4.71028274900013	0.00697459752148569	0.00701415823992736	0.00644133376766164	0.00554209093205885	0.0072250585127474	0.00741315110234545	0.00765179541318428	0.00876839000507114	0.0173847196943187	2.11739008996791e+82
540001	3.50232441800001	11.6613926059995	6.03695371900001	6.29261322999991	5.53857127799999	4.98802906200011	4.83712306000005	4.80666472799992	4.79743458900004	4.80203738600016	0.00511419792770972	0.00501283343492428	0.00482309116176133	0.00417302035022053	0.00507838358398244	0.00510374668360998	0.00520040558644441	0.00558884085047346	0.0075061230996152	1.06569542239511e+98
550001	3.56693385700001	11.8585978559995	6.14777822499997	6.40762514599994	5.640379682	5.08028407400014	4.92731276200006	4.89588579699996	4.88669307000005	4.8916685710002	0.00692233617227943	0.00685410917244631	0.00659613779547366	0.00554464485633315	0.00723432386624098	0.00757758625147321	0.00790724785240531	0.00803154117458294	0.00689321901186537	3.43769812523185e+112
560001	3.63166273400002	12.0601263669994	6.25930731899995	6.52945038599994	5.742314568	5.17273610100017	5.01724730700007	4.98516195599993	4.97622185200007	4.98147840900022	0.00713324709324489	0.00726672350703465	0.00665046795931465	0.0059954934754403	0.007518587673177	0.00799989170536673	0.00864172634674554	0.00988283786893694	0.0145498068531257	1.56771683096303e+127
570001	3.70175307400002	12.3160355849994	6.37705905699997	6.65527238399989	5.85748737899998	5.26974818000018	5.11162544800007	5.08159964099996	5.07160638600007	5.0822468150002	0.0052142462421845	0.00490762227885517	0.00466736068935211	0.00393668852448557	0.00548965492027943	0.00602334095195519	0.00709374671778846	0.00969618469527601	0.0194134166980552	9.28570705279028e+141
580001	3.76715940300002	12.5277824729993	6.49043345999995	6.7657668149999	5.961425126	5.36378170800019	5.20331037600006	5.17291519699997	5.16278498500008	5.17382659900024	0.0064834331035538	0.00661231913798387	0.00613217285234119	0.00532720075873583	0.00682277687639984	0.00744515205420686	0.00860103297851821	0.0110149096105224	0.0202204186571278	1.68650783640002e+157
590001	3.83201809500001	12.7062440689993	6.60225523399995	6.8821266619999	6.06390376299999	5.45666012300019	5.29395160900006	5.26295991499999	5.25257554000012	5.26390673000027	0.00547982682906232	0.00552731394245637	0.00657080711524946	0.00457268911036508	0.00566731371994334	0.00598204192375438	0.0065196900690486	0.00755143614694637	0.0111391681912553	2.11151930501772e+171
600001	3.89680627000001	12.8889114999994	6.71409213199991	7.00331392099991	6.16579918800005	5.54941725600016	5.38461875500007	5.35310224699998	5.3420967420001	5.35388087500023	0.004815600118998	0.00472471466404648	0.00433385234184328	0.00374715544247209	0.00480313717311568	0.00489405478935482	0.00519843222399866	0.00554702097722321	0.00574244873420516	2.0244326571044e+185
610001	3.96130199699998	13.0541938689993	6.82537552299992	7.10662684399991	6.26787106900006	5.64203980600015	5.47533267700011	5.44274605699999	5.43181716100015	5.44397894300024	0.00659383160428588	0.00653494091226803	0.00595797294950144	0.00518273971138802	0.00677264082161704	0.0070973656955595	0.0076790233347216	0.00879572961019891	0.0125762088311255	4.89384448738187e+199
620001	4.02638070999996	13.2190182309992	6.93779959899992	7.21454082599991	6.37046190000008	5.73553159400012	5.56629569900009	5.53373605599999	5.52223030200013	5.53502409200026	0.00704295191984303	0.00712216602595957	0.0065691111374958	0.00582465089825449	0.00708496015350782	0.0070931877814975	0.00717832027787499	0.00752570305021557	0.00903242410043913	2.22589497650209e+214
630001	4.09331237999992	13.3952162549992	7.0537346199999	7.33268207499992	6.47582693800008	5.83129522400016	5.66013212500007	5.62670355499998	5.61545345000014	5.62865339500023	0.00530875258317227	0.00524472703416657	0.0048631622496368	0.00436785997271763	0.00549875397225006	0.00579061001599671	0.00624899570196682	0.0072319501209158	0.014855628088832	6.37734220799393e+228
640001	4.15962052499996	13.6183335859992	7.16875516499987	7.45040836399995	6.58157814000003	5.9267860580002	5.75323395800007	5.71918715299997	5.70751026300011	5.72107243300018	0.00506049577511277	0.00485227583316631	0.00455840327796028	0.00385305495639838	0.00511986136079171	0.00523371362685273	0.00539533967319939	0.00553545625473517	0.00991716741193096	9.88934990890129e+242
650001	4.22360330599995	13.8546962289992	7.27972771299987	7.55685274799995	6.68377125900004	6.01823420500022	5.84299066300007	5.80825557599998	5.79656982400014	5.81034589100016	0.00533149349125685	0.00538860724690316	0.00489233086498954	0.00395413678701473	0.0054954251597208	0.00569834224525041	0.00601628323629251	0.00654162558413636	0.00994183175199924	1.98189726406394e+257
660001	4.28840810299988	14.0939900929992	7.39124619999989	7.67707472699998	6.78628523400007	6.11036154100019	5.93250034900004	5.89768524599998	5.88566520900015	5.8998104390002	0.00483519957587166	0.00476490966666014	0.00436757631009988	0.00347194675074968	0.00467467503256583	0.00450291531898272	0.00435858740133229	0.00460409875174386	0.0110637819132206	1.4703103391015e+271
670001	4.35729266399992	14.3698107739993	7.50916597699984	7.806864254	6.89836954200006	6.2080367680002	6.02783625200004	5.99542422100005	5.98278123100014	5.99876218100022	0.0050901082815253	0.00498629712633809	0.00449109276247812	0.0035243942499939	0.00505066911947529	0.00504377139267966	0.00513355595908886	0.00557397564603431	0.00978321159158943	1.21985884114665e+286
680001	4.4251300499999	14.6265184049993	7.62664747399987	7.92003880299997	7.00693302400003	6.30590564700018	6.12331991300003	6.08947168000004	6.07640295000012	6.09270761400025	0.00483478044095889	0.00470754014130247	0.0042721940928717	0.00328172877540124	0.00495846156595704	0.00517777737335098	0.00557491195042634	0.00638942428011535	0.0134402419404817	3.11226400604175e+300
690001	4.49324648199991	14.8622496309994	7.74378881799983	8.04477159499996	7.11874685800004	6.40299748100019	6.21820938	6.18509647100001	6.17071037400012	6.18650880600025	0.00479600959011593	0.00468769102804385	0.00702684012078735	0.00343093559638773	0.00483636287034394	0.00501110233526047	0.00537581258405458	0.00579695011443676	0.00588491860525785	NaN
700001	4.56025083299988	15.0375645799995	7.85947976699985	8.16188082900006	7.22411946800006	6.49860367300015	6.31203537500001	6.27784608200005	6.26344535000011	6.28474492800025	0.00688730809637127	0.00695886219173642	0.00627735701045836	0.0050353302326733	0.006670412511876	0.00637025484425267	0.00593203700127185	0.00537616446181922	0.00678491245590416	NaN
710001	4.62491108499992	15.2182518599995	7.97155436899983	8.26869853699994	7.32597527400006	6.59106825100014	6.40282090700003	6.36757570000006	6.35295985100009	6.38488326400022	0.00551109755815548	0.0055087077219897	0.00496294411490428	0.0039079235029097	0.00553005391955057	0.00561725331674493	0.00587178771640642	0.00667146092930585	0.0105267843730645	NaN
720001	4.6905975879999	15.4445470099995	8.08508057099976	8.37781144899993	7.43040850700006	6.68542061900016	6.49484780300003	6.45968239100007	6.44424872000007	6.48630204900021	0.00619244122558317	0.00615175843445899	0.005580324832202	0.00452904883966872	0.00639225253379587	0.00668613806538134	0.00703911969077724	0.00754974392904865	0.0106633169221438	NaN
730001	4.75730527999991	15.6949225489994	8.20059281599976	8.50082863899983	7.53761449600004	6.78097371300019	6.58795236699998	6.5521951330001	6.53634865900009	6.5889906720002	0.00463146112134295	0.00453197692573595	0.0040847503089481	0.00313206231289391	0.00465601573274677	0.0047945945457085	0.00519745827218186	0.00642917058600825	0.0148817673312593	NaN
740001	4.82431358299993	15.9443026959994	8.31639600599983	8.61157393299994	7.64437386900003	6.87744976800022	6.681840716	6.6457536130001	6.6293403590001	6.6923701970002	0.00494862123089821	0.00471799367618532	0.00430522093400443	0.00334554835839647	0.00479914864810959	0.00460064184201136	0.00432417982302178	0.00392117422058436	0.0057872266334452	NaN
750001	4.88901732499993	16.1631778319993	8.4284357709998	8.72533644399987	7.74691590400003	6.97000074300018	6.77211219199999	6.73572676100009	6.71894714300009	6.79227528000019	0.00481559595100014	0.00449614095379825	0.0044330212619491	0.00318314703766168	0.00481449567669628	0.00486820042642618	0.00491635444568346	0.00519242352718057	0.009723812168497	NaN
760001	4.95599221699993	16.3901011609993	8.54359178599979	8.84028402899985	7.85284777699999	7.06551644100023	6.86534236499998	6.82851159900012	6.81159847800007	6.89568123100014	0.00654609455347619	0.00657083834701982	0.00591512026868819	0.00467357694977882	0.00680492112599174	0.00727591366792582	0.00806360201866964	0.0101297495470065	0.0142863005393659	NaN
770001	5.02225802999993	16.5980655169993	8.65851650199972	8.94814143299979	7.96039265599994	7.16284277100026	6.96333323299995	6.92576913500008	6.90365303500007	6.99838857000014	0.00464041024382014	0.00457878430975529	0.00416561708246693	0.00327886586207274	0.00467393065684466	0.00473675459004072	0.00477356051125988	0.00438145434640048	0.00742114499272822	NaN
780001	5.08833000599991	16.8391566819993	8.77311258799966	9.05963125199975	8.06573057099989	7.25733098300024	7.05546481999998	7.01741624200007	6.99511389100008	7.09994381800015	0.00448095935559669	0.00432751649148223	0.00392076210254016	0.00304748860114318	0.00455670544373632	0.00474875102988363	0.00510984631856758	0.00563365234435759	0.00882896301651154	NaN
790001	5.15396982899991	17.0857013639993	8.88628209399962	9.16881868799975	8.17020584999988	7.35133251600023	7.14683715199997	7.10850698500004	7.08573742000007	7.20108013400013	0.00443887132380919	0.0042225605034635	0.00391665159216216	0.00291593339287052	0.00455542576007025	0.00486090600461232	0.00553893604445034	0.00683409335319166	0.00857677811277654	NaN
800001	5.22018781799994	17.3434439169996	8.99989578299964	9.30110094199973	8.27513599099977	7.4455712900002	7.23853886899998	7.19987232400006	7.17641627100006	7.30194776400011	0.00440965918755573	0.00431670091766057	0.00385733716246955	0.00299671416288535	0.00430282661506077	0.0041898621719236	0.00415244366409382	0.00442370018704234	0.00734527948574356	NaN
810001	5.28660211799995	17.5954792259995	9.11476845499967	9.42747636999976	8.38057923399971	7.54024190200024	7.33092949299998	7.2911847170001	7.26773650900009	7.40385053200011	0.00589280261652807	0.00583107941693423	0.00534004934116387	0.00421713984344677	0.0060705540001661	0.00621374950923064	0.00630928667573222	0.00626865948825758	0.0102330603267663	NaN
820001	5.35384791699993	17.8533904339995	9.23050880299962	9.56165546799982	8.4873340869997	7.63581612200024	7.42433094899995	7.38376440900012	7.3600161960001	7.50664054300007	0.00459712291649591	0.00440958600027673	0.00392531177690922	0.00305028748524736	0.00464982232163532	0.00482347059491636	0.00525881807798462	0.00640389827870337	0.0118272700845775	NaN
830001	5.42014253699994	18.0999777429994	9.34463386399964	9.68930966699993	8.59282669599972	7.72992966600021	7.51667660199995	7.47551656200015	7.45114692600012	7.60801294400007	0.00506453992389448	0.00497564251955732	0.00454140652509677	0.00345678628917392	0.00517720984950945	0.0053493391428158	0.00564927763522346	0.00594781275561594	0.00644388130982286	NaN
840001	5.48492346399995	18.3388768559995	9.45680665399976	9.807308751	8.69601005199972	7.8230448000002	7.60722620099995	7.56563552000015	7.5408043440001	7.70794281600006	0.00565039267073278	0.00559855713207322	0.00500062776440883	0.00403972873860653	0.00563925968160258	0.00557606377920386	0.00576714324581447	0.00652214899765745	0.0131252885764786	NaN
850001	5.55047581599996	18.5738279699995	9.5697730239997	9.92900389400002	8.79989501199962	7.91689051000022	7.69837374199988	7.65659802400011	7.63147636200009	7.80849378700007	0.00441351341039343	0.00429968662555836	0.00391084290264547	0.0029274618372183	0.00430466313860998	0.00419647249686728	0.0041612671731813	0.00446724535144682	0.00832107373382413	NaN
860001	5.61474164799997	18.8200151009993	9.68047893399971	10.0459919260001	8.90242409699962	8.00876971100022	7.78741687399987	7.74499174200011	7.7198071390001	7.90678888500006	0.00450920757748197	0.00439023891743439	0.0039365241830751	0.00301399219418015	0.00447410648748506	0.00445509129077287	0.00457580155573156	0.00549734784137211	0.0103236993105866	NaN
870001	5.68410196399996	19.0911829739992	9.80035449799969	10.1660072479999	9.0134283689997	8.10745255700022	7.88349589999984	7.84309839500012	7.81455974800008	8.01427321900001	0.005605347106054	0.00556418649062309	0.00493050096863771	0.00387415314079073	0.00567251060313515	0.00568363835304837	0.00572599385066608	0.00608464394911531	0.00896527444930644	NaN
880001	5.75025887899993	19.3507529099992	9.91522551399968	10.279804374	9.11872635699975	8.20213333600024	7.97589132999988	7.93459262200012	7.90619095300007	8.11610691700002	0.00447376617371217	0.0043509647448381	0.00387461998932871	0.00301702847727374	0.00447764214951637	0.00450145194372329	0.00457597431815824	0.00502685462825398	0.00803492800949806	NaN
890001	5.81650425199991	19.6024129379991	10.0291704649996	10.400045843	9.22423859999971	8.29677937700027	8.06780843199974	8.02593726500009	7.99735740500007	8.21746245799994	0.00438480083907506	0.00424700009634594	0.00378866073981857	0.00291554170124405	0.00424696299264643	0.00415842551159723	0.00407834837189695	0.00455427116731501	0.0105243738362277	NaN
900001	5.88096321499988	19.8338100509992	10.1399795319996	10.5194619570001	9.32657828299974	8.38878743100031	8.15741282199978	8.1149677890001	8.08618237500004	8.31656205999997	0.0056342961495665	0.00564576874920971	0.0049044546678082	0.00374071842883524	0.00541819856180406	0.00518958298467624	0.00492966289299216	0.00487778662886099	0.0102790030143966	NaN
910001	5.94780562899988	20.0741962659991	10.2550728259996	10.6400010350001	9.43250696499966	8.48401405600032	8.25021965299987	8.20704739300017	8.17781075600008	8.41882058699998	0.00435024133947046	0.00428957833883962	0.00371099629238964	0.00271000300317635	0.00426025123620057	0.00423963037818273	0.0044843696395442	0.00531685476389932	0.00853633549186029	NaN
920001	6.01441070399989	20.3196329529991	10.3700376309997	10.7590976360001	9.53796869499974	8.57881233600028	8.34230527999986	8.29857934100011	8.26966334900014	8.52061573600001	0.00434408057437043	0.00425190843310944	0.00370694425264937	0.00282421770026663	0.00432862019983175	0.00439735857346406	0.00453594176320359	0.00506438347912011	0.00797736344957375	NaN
930001	6.07836762899986	20.5642880799992	10.4799882649996	10.874318207	9.64012602899985	8.67005461100026	8.43145212399988	8.38704978900004	8.35739957900017	8.61847417899996	0.00432672536938148	0.00425279948167717	0.00370725988367253	0.00282554962024814	0.00424553886366132	0.00423470863317189	0.00432052091192427	0.00455119516056179	0.00432173114830282	NaN
940001	6.14551663899988	20.8209642139992	10.5956441229996	10.9925564099999	9.74672054799988	8.76593317800022	8.52464716899992	8.47959005799997	8.44946184600012	8.72136597099992	0.00571524420822959	0.00536570724262648	0.00467699758318835	0.00351191948115148	0.00568215504331885	0.00579123594135329	0.00602197447961917	0.00694576298164822	0.00985144030799909	NaN
950001	6.21165220799991	21.072792820999	10.7094451409996	11.10294766	9.85229921699989	8.86064069600026	8.61608512299987	8.57090171300004	8.54051686900012	8.82264945199994	0.00417779752023606	0.00408604501827531	0.00355367283227101	0.00278195331600033	0.0041388978859461	0.00418985049072856	0.00423850371023239	0.00451359569582202	0.0057786316825296	NaN
960001	6.2782267709999	21.3285139889989	10.8238721189995	11.2205102440001	9.95826710299988	8.95569763200031	8.70858604399997	8.66324879600009	8.63237884200002	8.9247931569999	0.00410832192102126	0.00395047968982083	0.0035523391489294	0.00258688314712781	0.00401108121737908	0.00392405331382437	0.0038067109493914	0.00396676890970381	0.0143840827410549	NaN
970001	6.35315773099993	21.603854824999	10.9512440479994	11.3474533600001	10.0678015639999	9.05439231200038	8.804683218	8.75792050200002	8.729628832	9.0300756079999	0.00424862355999305	0.00413870823653753	0.00360684398068211	0.00287052863545719	0.00411328040478051	0.00397516141565389	0.00368420602735062	0.00364146862705872	0.00470320652018459	NaN
980001	6.4207385389999	21.853067962999	11.0679743679994	11.4688403200001	10.1751559009999	9.15073717000038	8.89931129899999	8.85168454700002	8.82346223599994	9.13465426699986	0.00425717586815351	0.00402019314420741	0.00511817176578399	0.00335359276710974	0.00419076248444844	0.00417931512903588	0.00425540422161395	0.00518599498345829	0.00780333159169446	NaN
990001	6.48644330299987	22.1053591039989	11.1819809729994	11.5902916040002	10.2801255309999	9.24509986000037	8.99080693900003	8.94293925700007	8.91434745499987	9.23621195399986	0.00407621483976755	0.00388438235610905	0.00342696970483596	0.00252517894773397	0.00395734403576926	0.00387633820778943	0.0037693751880881	0.0040050433600286	0.00633319439828853	NaN
