k	rt_srk	rt_esrk	rt_hb_double_inexact	rt_hb_opt_beta	rt_hb_beta_0.1	rt_hb_beta_0.2	rt_hb_beta_0.3	rt_hb_beta_0.4	rt_hb_beta_0.5	rt_hb_beta_0.6	res_srk	res_esrk	res_hb_double_inexact	res_hb_opt_beta	res_hb_beta_0.1	res_hb_beta_0.2	res_hb_beta_0.3	res_hb_beta_0.4	res_hb_beta_0.5	res_hb_beta_0.6
1	0	0	0	0	0	0	0	0	0	0	1	1	1	1	1	1	1	1	1	1
11	0.000317392	0.004227009	0.00032981	0.000382673	0.00051673	0.000229795	0.000281129	0.000220585	0.000172554	0.000247746	1	0.998685501922091	1	0.998685501922091	1	1	1	1	1	1
21	0.000593556	0.004906456	0.000548043	0.001559036	0.000733045	0.000347618	0.000389539	0.000346449	0.000412697	0.000380403	1	0.9905406897946	0.990161359080808	0.9905406897946	1	1	1	1	1	1
31	0.000714316	0.005068035	0.000765968	0.001762988	0.000912075	0.000650488	0.000547271	0.000499841	0.000534614	0.000517794	1	0.924293377575788	0.977494313502155	0.978191360111915	1	1	0.997883963498462	0.992857144851085	0.988334243368789	0.984165924704184
41	0.0007954	0.005373847	0.000895309	0.001970948	0.001052249	0.000759715	0.000662014	0.000608159	0.000639703	0.000617303	0.931923713037475	0.902464093811497	0.89518899794145	0.890384264639896	0.921107452723521	0.912409323396896	0.907971931264785	0.915853109061216	0.959506232991691	1.08070365823366
51	0.000984076	0.005469193	0.001152487	0.002322159	0.001283731	0.000986805	0.000824814	0.000740062	0.000773583	0.000762691	0.931923713037475	0.902464093811497	0.89518899794145	0.890384264639896	0.92110745271832	0.912409320335519	0.907972035616288	0.915864945473765	0.959793434476066	1.08444453694374
61	0.001072178	0.005500293	0.001315527	0.002399821	0.001413696	0.001144424	0.000941211	0.000854431	0.000882212	0.000913443	0.899205682048672	0.88117977412684	0.868885487522454	0.871437376124006	0.900713692176591	0.907987584567267	0.918014287603471	0.930414297159245	0.94804696029588	0.961837680282983
71	0.001188953	0.005817821	0.00148137	0.00273637	0.001553257	0.001288545	0.001059397	0.000968177	0.001030075	0.001024296	0.89313693703268	0.820503657170754	0.807056492571781	0.809028940636052	0.883344660466166	0.878504420103353	0.876223178006208	0.877763859078763	0.890513062577917	0.923121314845487
81	0.001269833	0.005926327	0.00168578	0.002925058	0.001668947	0.001394342	0.001163473	0.001088586	0.001127946	0.001120025	0.890354204051544	0.814203917372345	0.800694229474067	0.801250092378799	0.882779369224133	0.880199123312404	0.87941173428873	0.879524987385024	0.882689652411634	0.887456513973044
91	0.00140802	0.006094878	0.001921237	0.003253024	0.001888543	0.001607179	0.00128375	0.001199478	0.001258758	0.00134643	0.890354204051544	0.814203917372345	0.800650997245777	0.801250092378799	0.882779369492403	0.880199177693412	0.879412745172105	0.879528282286006	0.8826379209347	0.886861939356942
101	0.001477883	0.006123093	0.002057758	0.003324348	0.001999842	0.001749833	0.001561735	0.001305355	0.001362229	0.001445747	0.890354204051544	0.813532676563857	0.800650965590079	0.800567990435362	0.882779369492403	0.880199177693418	0.879412745178074	0.879528282631546	0.882637870493778	0.886858433738196
111	0.001557365	0.006270534	0.002191771	0.003436435	0.002132039	0.001862551	0.00166575	0.001410105	0.001467352	0.001551955	0.890354204051544	0.801286953994871	0.795597432187469	0.78812084994304	0.882779369492403	0.877502883336396	0.87119899159145	0.86576491114262	0.864693412552334	0.872087355227165
121	0.001642144	0.006494282	0.002343144	0.003615581	0.002255829	0.001969673	0.001764102	0.001511574	0.001571551	0.00165667	0.890354204051544	0.778972119823544	0.764293296549159	0.764169833821976	0.882629269725935	0.876108378766444	0.86625116271326	0.852383949180336	0.832970433988338	0.800043824765851
131	0.001772226	0.006751452	0.002559341	0.004040931	0.002436946	0.002108696	0.001945118	0.001660526	0.00170346	0.001792334	0.821941950407899	0.782216176151948	0.756989796044854	0.748567641901371	0.821055882042278	0.825651485414099	0.830834365899941	0.834283795099735	0.829991783539538	0.802260076109992
141	0.001857345	0.006964078	0.002693845	0.004268359	0.002576476	0.002212034	0.002041083	0.001778757	0.001826825	0.001897778	0.819960533885361	0.7632881821651	0.740160035000316	0.728894795154401	0.816846150917726	0.818366720034053	0.820352877113417	0.822233492065383	0.820326053326665	0.796813830483842
151	0.001932871	0.007135834	0.002825928	0.004374621	0.002694305	0.002308278	0.002134141	0.001873506	0.001920291	0.001994205	0.819960533885361	0.748915972950833	0.724612170451242	0.713830447593241	0.816826493359757	0.818215363271599	0.819807564089644	0.819462905785728	0.81183247745427	0.785291661590129
161	0.002024839	0.007273407	0.002993475	0.004609966	0.002820576	0.002427246	0.002242904	0.001995586	0.002023248	0.002128426	0.815793427018041	0.722865509731428	0.702691882095826	0.697566197059625	0.809416961475702	0.806118301418398	0.801518663216117	0.791438758205805	0.779684466741795	0.769676113041431
171	0.002147826	0.007685203	0.00320452	0.004887719	0.00303922	0.002627881	0.002472663	0.002206268	0.00226725	0.002268686	0.815793427018041	0.722428162271918	0.698851411079648	0.69705613057424	0.809350115816016	0.805734596342026	0.80069677775164	0.790421833421558	0.779617512122238	0.76969503386006
181	0.002291852	0.00788664	0.00339821	0.00515143	0.003363585	0.002821172	0.002651695	0.002343615	0.002471139	0.002476489	0.815793427018041	0.720703774910531	0.700587572301807	0.695826022395463	0.809349470954005	0.805720497088329	0.800629474654491	0.790271288039853	0.779617472249749	0.769695149582326
191	0.002390929	0.00827961	0.003552803	0.005452073	0.003594242	0.00296825	0.002816088	0.002502669	0.002584677	0.00258529	0.804166848659375	0.718776711717999	0.696573278366377	0.693789827164252	0.793171114737422	0.789314492040591	0.788760249602585	0.784323602637173	0.778990554533254	0.76913231807744
201	0.002510409	0.0085126	0.003754302	0.005765962	0.003721418	0.003082531	0.002936299	0.002594121	0.002674014	0.002674509	0.788031321932318	0.700971859435899	0.684319747678964	0.683868386645283	0.781554624943964	0.782398753725646	0.7859596322251	0.784075353732598	0.77899040137833	0.768404028108961
211	0.002595233	0.00883511	0.003934112	0.00603418	0.003879155	0.003228292	0.003035326	0.002688799	0.00276669	0.002766004	0.769168081210383	0.550147663047593	0.553177849230706	0.549439084791354	0.7512733428328	0.73461690553864	0.718224530593551	0.695349804499303	0.681128452700971	0.701688120944278
221	0.002667176	0.009065491	0.004074742	0.006249044	0.003990743	0.003333926	0.00313388	0.002781337	0.0028588	0.002858554	0.769168081210383	0.550147663047593	0.552952260094703	0.549439084791354	0.749959042934953	0.729296795373787	0.706450639858757	0.675937961343953	0.659101486305123	0.688109253803824
231	0.002730092	0.009084968	0.004180932	0.006335375	0.004085884	0.003422759	0.003221092	0.00286882	0.002945361	0.002945841	0.769168081210383	0.550147663047593	0.55295065748568	0.549439084791354	0.749959042934822	0.729296794843071	0.706450576073924	0.675936401256036	0.659096622431082	0.688447056486468
241	0.002787247	0.009103075	0.004283391	0.006393071	0.004174667	0.003507869	0.003304085	0.00295175	0.003028131	0.003028361	0.769168081210383	0.547590210710788	0.546404167004717	0.546878318829625	0.749959042934822	0.729296794843071	0.706450576073547	0.675936401092454	0.659096617697406	0.688592260554485
251	0.002849039	0.009278833	0.00439132	0.006522641	0.004268126	0.003601117	0.003419741	0.00304262	0.003117487	0.003112449	0.769168081210383	0.535041304543521	0.542498338775049	0.533790864740319	0.749864428142034	0.728825757472153	0.705588854146589	0.675115205449402	0.659096617692783	0.688595440023137
261	0.002963102	0.009523971	0.004523194	0.00671972	0.004421385	0.003706616	0.003518345	0.003226228	0.003221666	0.003207921	0.763942560542259	0.534962180617321	0.53435517108977	0.533711555433666	0.739762994459312	0.713817743904515	0.690347274105549	0.6659618010548	0.656614948701228	0.688105394511358
271	0.003026942	0.009635911	0.00464134	0.006824455	0.004521234	0.00379753	0.003606885	0.003312661	0.0033103	0.003294986	0.763942560542259	0.533108528068074	0.533129036652685	0.532163691988418	0.739761582541881	0.713799493312449	0.690291030536674	0.665889516677892	0.653787562414084	0.682909067277397
281	0.003212106	0.009761885	0.00476304100000001	0.006933947	0.004635736	0.003897084	0.003696554	0.003400629	0.003422379	0.003383211	0.763942560542259	0.529100228749742	0.529351456157098	0.527955083280695	0.73973594644195	0.713694474833801	0.690143527939025	0.665801999947359	0.654079799702499	0.681860146823153
291	0.003275839	0.009925871	0.00487096800000001	0.007085025	0.004732729	0.00398491	0.003782464	0.003485443	0.003507221	0.003468891	0.763942560542259	0.517828676677057	0.52156697220496	0.518510678178148	0.735551617251233	0.701993372930123	0.66764010155954	0.631898283379917	0.615047628960311	0.661581041803521
301	0.003339238	0.010057846	0.00503181900000001	0.0071768	0.004827258	0.004078987	0.003866719	0.003569387	0.003590407	0.003551637	0.763942560542259	0.502037090618779	0.510099223734147	0.502836562292395	0.73224636787327	0.68702544343877	0.636185318368319	0.581793871345798	0.552708156983225	0.620082188413281
311	0.003472498	0.010265748	0.005216538	0.007376005	0.004951199	0.004173679	0.003980065	0.003661413	0.003683903	0.003648642	0.763922164161486	0.496675902150614	0.50687981441638	0.49721923213893	0.731570652616471	0.684816801199253	0.632247058654026	0.577268225032604	0.549733052901828	0.616462323296032
321	0.003775701	0.010792456	0.005474575	0.007855166	0.005250314	0.004382797	0.004137869	0.003799116	0.003910741	0.00385416800000001	0.763922164161486	0.489837161815395	0.501780767756065	0.490042653741567	0.731570624808616	0.684815738304769	0.630323423961678	0.57596395973698	0.550173450716406	0.61259005643677
331	0.00389067	0.011079778	0.00565500400000001	0.00808946900000001	0.005401298	0.004509122	0.004260923	0.003922184	0.004065625	0.003990523	0.763922164161486	0.489837161815395	0.501798280054197	0.490042653741567	0.731570624808616	0.683552511227353	0.629435491901069	0.575863283239353	0.550180220991488	0.612236144160999
341	0.004043409	0.011204176	0.00583775100000001	0.00818195400000001	0.00565560400000001	0.004692262	0.004405823	0.004057732	0.004322093	0.004140891	0.728289127639502	0.488150656658732	0.498387678445578	0.48848358229444	0.700729173622931	0.659775496898033	0.614140597056797	0.569726045285367	0.550045953329911	0.611418577582481
351	0.004140085	0.01162309	0.00603908800000001	0.008444439	0.00581750400000001	0.004830216	0.004672486	0.004219594	0.004435315	0.004319245	0.634689423390153	0.453888598720975	0.463307254911909	0.454246636337297	0.605209571522487	0.567810093484842	0.531918466172838	0.507020629213998	0.518284819216575	0.610830799241012
361	0.0043707	0.011920904	0.00628524500000001	0.00886862800000001	0.00609088500000001	0.005001981	0.004831294	0.004377763	0.004574775	0.004463043	0.634689423390153	0.479954806733049	0.446815240037296	0.480293413530746	0.605209564871066	0.567809461564047	0.531912918761231	0.507025103267086	0.517943917412882	0.605435206932262
371	0.004493923	0.012214684	0.00652813800000001	0.00907265100000001	0.00626783000000001	0.005189898	0.004975324	0.004518614	0.004745548	0.004663253	0.624458880419788	0.475268997810514	0.441385166249279	0.475610578512291	0.591225459014613	0.549171288160316	0.508169529925268	0.484816354385774	0.504430589545638	0.60149315725678
381	0.004575146	0.012449966	0.00669540100000001	0.009232852	0.00646211200000001	0.005314176	0.005080192	0.004619119	0.004846927	0.004763779	0.624458880419788	0.475268997810514	0.441299737555512	0.475610578512291	0.591218553087794	0.549161656853725	0.508164638184375	0.48481525971239	0.504430571679283	0.601505715076716
391	0.004665204	0.012481609	0.00685143500000001	0.0093132	0.00658790900000001	0.005422591	0.005189216	0.004730602	0.004957393	0.004871974	0.606276480500954	0.447263162212503	0.424194520767083	0.447294723742923	0.569114216152768	0.529198804016884	0.493848324030557	0.477572245906896	0.504003945244922	0.59976855523703
401	0.004753184	0.01263806	0.00705672200000001	0.00946749900000001	0.00671558700000001	0.005549465	0.00531193	0.004835757	0.005058173	0.004973781	0.604178753020802	0.405109368459268	0.388027312680181	0.40510269676045	0.567245929965018	0.519722577452904	0.472394970148551	0.449724917644764	0.483698675742603	0.588679311619059
411	0.004822149	0.012824574	0.007182011	0.009702796	0.00681977900000001	0.005640871	0.005402717	0.004924474	0.005160906	0.005204135	0.575854099028448	0.405109368459268	0.387919346267801	0.40510269676045	0.545588796283052	0.504979200259274	0.464777053928881	0.447962807327282	0.48541431793682	0.592179581080644
421	0.004890409	0.012907278	0.007311393	0.009771174	0.00692152800000001	0.005794675	0.0054971	0.005059874	0.005260578	0.005325347	0.575854099028448	0.400281454381764	0.38366835271517	0.400274702212247	0.543296533392327	0.498385526501241	0.458997370042872	0.446041900489223	0.485337727202286	0.57263257977031
431	0.004979373	0.013089618	0.007434992	0.009914841	0.00702875200000001	0.005890606	0.005591272	0.005151886	0.005362145	0.00542411900000001	0.575555354133287	0.400281454381764	0.383093561505659	0.400259534080406	0.541475497941224	0.497489697185818	0.458962904848416	0.446085337058267	0.485337728848826	0.572531520834363
441	0.005045913	0.013157966	0.00754918800000001	0.010005408	0.00712845200000001	0.005982168	0.005680311	0.005240787	0.005453676	0.00553385000000001	0.575555354133287	0.400281454381764	0.382790220205183	0.400259534080406	0.541475497743632	0.497489687409526	0.458962878029197	0.446085333697308	0.485337728850507	0.572531827153805
451	0.00511112	0.013219165	0.00766773300000001	0.010067798	0.00728808400000001	0.006074036	0.005766814	0.005326359	0.005539546	0.00561954400000001	0.56470507534761	0.4002739962195	0.382805871136591	0.400259534080406	0.534141554919781	0.494908136366719	0.458711998726475	0.446178216778867	0.485337728850508	0.572615658218448
461	0.005174443	0.01336524	0.00777850000000001	0.010130827	0.00738881600000001	0.006163823	0.005855422	0.005419089	0.005631647	0.005708382	0.56470507534761	0.39265353074449	0.374832291146466	0.392638787919442	0.534214864317215	0.495115314994142	0.458954878881692	0.446284342971981	0.485337728850508	0.572948405719947
471	0.005275546	0.013612612	0.00793945800000001	0.010274145	0.00751753900000001	0.006285096	0.005953861	0.005522479	0.005739189	0.005841557	0.538607053238772	0.392651410677543	0.374862082922911	0.392638787919442	0.509133528440264	0.474890128517502	0.445292248952543	0.440847581490673	0.485288304635341	0.570296276424718
481	0.005369522	0.013844203	0.00806965100000001	0.010376926	0.00764510300000001	0.006399554	0.006071998	0.005608925	0.005909731	0.005951392	0.537967632041846	0.38477195228135	0.364460990600077	0.383007615316325	0.508876743311445	0.474818817253642	0.445282126130213	0.440847379139487	0.484374928625866	0.568032399142349
491	0.005534436	0.014235297	0.00823714300000001	0.010641249	0.00779419800000001	0.006493099	0.006178808	0.00581684	0.00600096	0.00605418200000001	0.537967632041846	0.38477195228135	0.36421341295563	0.383007615316325	0.508876743311287	0.47481881723406	0.445282126042148	0.440847379124686	0.482191393998886	0.566362371631476
501	0.005601992	0.014259373	0.008359669	0.010709544	0.00792046800000001	0.00660001799999999	0.006283911	0.005910645	0.006105273	0.006178694	0.502860297206548	0.366227769743922	0.361053308590573	0.364373650885329	0.464727256076106	0.433668735232173	0.417576776667326	0.429578995403946	0.48210325746683	0.562231179784446
511	0.005706123	0.014434211	0.008531533	0.010883225	0.00808824700000001	0.00672216699999999	0.006412977	0.006076381	0.006230427	0.006301339	0.492450581316134	0.315090052092305	0.305531052837662	0.314416873995279	0.453657226140713	0.418229392393796	0.387093124675264	0.378058652161794	0.418373823075802	0.519688822558962
521	0.005802394	0.014732071	0.008681422	0.0110777	0.00820855000000001	0.00683233399999999	0.006515354	0.006176111	0.006352416	0.006405036	0.475500746063956	0.312854654404102	0.304435401202742	0.312176655930167	0.442389017467149	0.410314593721171	0.375852589632056	0.36458308735547	0.409768662337499	0.523064390082979
531	0.005939807	0.015080419	0.00891199	0.011268609	0.00840169700000001	0.00696827299999999	0.006677363	0.006309487	0.006477356	0.006530781	0.475500746063956	0.309364578615975	0.300848345927953	0.308678914452658	0.442389010273082	0.408901897929941	0.369215637370935	0.35359199538776	0.405927061204431	0.535131700513125
541	0.00609923	0.0153556	0.009108351	0.011450502	0.00859821600000001	0.00711705299999999	0.006806733	0.006430748	0.006601592	0.006653129	0.458058747382179	0.309107144212019	0.29888338751333	0.30726860307013	0.42765801588458	0.394010356427331	0.357122044885425	0.349778955673905	0.405517699559405	0.525862388545277
551	0.006207938	0.01567557	0.009331664	0.011806193	0.00879408600000001	0.00735765099999999	0.00693511700000001	0.006550009	0.00671845	0.006765091	0.457569638579301	0.309107144212019	0.298882477446196	0.30726860307013	0.427532437273669	0.394059199332376	0.357657006710216	0.350531371361154	0.405554530331878	0.544740528768732
561	0.006327324	0.015709343	0.009460566	0.011876999	0.00896580100000001	0.00756938599999999	0.00703846000000001	0.006683181	0.006833047	0.006897634	0.457569638579301	0.305356807643069	0.292771554008517	0.303511941309888	0.427532437275181	0.394059199967743	0.357657030026488	0.350531622143935	0.405594260757635	0.541813365494244
571	0.006541479	0.016141494	0.00964785	0.012376767	0.00915092400000001	0.00771476199999999	0.007158737	0.006795254	0.006965586	0.007007492	0.45039154079206	0.30188770115238	0.289603653146207	0.29970969285694	0.421541952691946	0.387384432266419	0.349616256852294	0.344692992090563	0.399696345606477	0.505875594751228
581	0.006721237	0.016350883	0.009868154	0.012751131	0.00943766200000001	0.00793458599999999	0.007311469	0.006950449	0.007118255	0.007191118	0.450381501152224	0.207320828148165	0.206665652415813	0.209518452235593	0.420458733237037	0.376410385411901	0.322732828334349	0.291579750711776	0.311635732836406	0.402402651637182
591	0.006797665	0.016552773	0.009997405	0.012883768	0.00955994000000001	0.00803874599999999	0.007409936	0.007049668	0.00722199699999999	0.007290562	0.450381501152224	0.207320828148165	0.204829573171909	0.204136331086294	0.420469826750495	0.376213380140369	0.321167889883292	0.285067391307121	0.296110493691942	0.390653427006289
601	0.006867684	0.016574363	0.010109901	0.012971731	0.00966212400000001	0.00813186399999999	0.007500242	0.00716385	0.00731227799999999	0.007380132	0.44742315247313	0.207201664158256	0.203920596707705	0.204015307061218	0.418459015032097	0.375208080819183	0.320884194283113	0.285041978404002	0.296105822901025	0.390662356740148
611	0.007071097	0.016702269	0.010251082	0.013169793	0.00979854800000001	0.00824157399999999	0.007610943	0.007271843	0.00742067599999999	0.007489092	0.44742315247313	0.205745476713026	0.202449334065364	0.202536211757805	0.41845901773954	0.375208133101288	0.320884417504139	0.285042088565742	0.2896402084643	0.383199497802002
621	0.00717498299999999	0.016892955	0.010413011	0.013315981	0.00994477000000001	0.00837042099999999	0.007727791	0.007386813	0.007534422	0.007596285	0.443194215450292	0.205745476713026	0.202449571874951	0.202536211757805	0.411233996726726	0.366025219644505	0.31450654957083	0.282727171410103	0.289272421460496	0.383596577431254
631	0.00732569899999999	0.016949939	0.010731343	0.013471044	0.010174475	0.00853874299999999	0.00813588	0.007598974	0.00773843	0.007804637	0.437170783310386	0.205023393802239	0.201716446449675	0.201802645898215	0.404601643850582	0.36210500249452	0.311603263114277	0.280312059966583	0.288758035043901	0.383518254245171
641	0.00760136299999999	0.017475426	0.011000192	0.01384148	0.01042175	0.00872330099999999	0.008322363	0.007839879	0.00793043299999999	0.00798672	0.431102271802707	0.205023393802239	0.201716558382659	0.201802645898215	0.396590838942819	0.356342023789341	0.308771155688878	0.279962295257961	0.288758483384983	0.38348170993695
651	0.00772521599999999	0.01761256	0.011160557	0.013924418	0.010568529	0.00884602199999998	0.008439734	0.007979039	0.00804584099999999	0.008117181	0.431106441317539	0.205023393802239	0.201716097432004	0.201802645898215	0.396522918042205	0.356127587049546	0.308540266301672	0.279921623099126	0.288758470122704	0.383482527677427
661	0.00781212299999999	0.017636057	0.011335076	0.013995079	0.010742394	0.00901334199999998	0.008542712	0.008073928	0.008142086	0.008211783	0.422998552396885	0.218757277153727	0.217957061417517	0.218913371593727	0.389580212344876	0.35029351198777	0.302383011328188	0.26968444947945	0.261515607904406	0.379175611323091
671	0.00789710699999999	0.017776753	0.011467688	0.014117435	0.010866184	0.00913000399999998	0.008642029	0.008186887	0.008254873	0.00831208299999999	0.422998552396885	0.201226219143226	0.200645292346921	0.201395901709788	0.389090148665834	0.349435029993221	0.300983749651764	0.266575897057275	0.251780468490189	0.336953987233425
681	0.00803192799999999	0.018129833	0.011686932	0.014447076	0.011106256	0.00927726399999998	0.008780318	0.008288382	0.008422089	0.00845039199999999	0.422998552396885	0.201226219143226	0.2008842222771	0.201395901709788	0.389090148665788	0.349435029917795	0.300983743629686	0.26657573312425	0.25178045902655	0.337123497908273
691	0.00814210399999999	0.01824273	0.011821346	0.014520076	0.011223044	0.00938474899999998	0.00889925900000001	0.008389757	0.008522569	0.00858355399999999	0.413203161916861	0.218382113831904	0.204131178544292	0.20382954222936	0.375791099571076	0.339871164464097	0.295356865942366	0.263744292862645	0.250872556308363	0.333818583178101
701	0.00823243699999999	0.018454893	0.011972672	0.014747465	0.011360738	0.00950422299999998	0.00901733700000001	0.008500551	0.00863137499999999	0.008695632	0.413203161916861	0.218382113831904	0.2181881433918	0.217852579620564	0.375791098862789	0.339871081297711	0.295355802547886	0.262878747019809	0.254848373674423	0.349468450641733
711	0.00831168599999999	0.018480897	0.012111969	0.014866567	0.011477294	0.00964988299999998	0.00912552000000001	0.008605453	0.008735901	0.008815165	0.409596668604002	0.218382113831904	0.218206602547866	0.217852579620564	0.374002093756022	0.33905380494737	0.295140522860619	0.262870020074309	0.254856654885206	0.349562229210014
721	0.00849981999999999	0.018525381	0.012284808	0.014948862	0.011647149	0.00977371299999998	0.00923725900000001	0.008717983	0.008856376	0.008927115	0.405290892964796	0.21676921960712	0.217695550388115	0.216347938244502	0.369318769352311	0.334141207039688	0.289430697570417	0.25316141046001	0.234411215543477	0.318487754390387
731	0.00859348599999999	0.018748046	0.012441625	0.015135483	0.011777933	0.00989874299999998	0.00938158300000001	0.008831572	0.00897003399999999	0.00904033	0.403185535344206	0.21676921960712	0.216913407320245	0.21646002558176	0.368445325276361	0.333971647469087	0.289645416365287	0.252682983280435	0.229557175595339	0.295528439352146
741	0.00867138399999998	0.018816655	0.012572558	0.015303714	0.011888775	0.010001709	0.00950104100000001	0.008959469	0.009073992	0.009142789	0.403007049526357	0.204565211442811	0.204691477191875	0.2041152766637	0.3683998908101	0.33397322666455	0.289650428366566	0.248290422177093	0.217349098988323	0.291941316398534
751	0.00874551999999998	0.01895055	0.012686878	0.015526171	0.011994716	0.010096015	0.00959332900000001	0.009051735	0.009190251	0.009233853	0.401729657034175	0.204565211442811	0.204717973423562	0.2041152766637	0.367505612124216	0.333477743743363	0.289453495855516	0.248243675577351	0.214118478328225	0.292022104575206
761	0.00888625899999998	0.019179698	0.012852968	0.015609391	0.012144302	0.010217289	0.00969886500000001	0.00916634	0.009302167	0.009338966	0.394893138076575	0.202842482384809	0.204125101587663	0.202959834753448	0.356734913228277	0.319652568480671	0.278524278054336	0.241950039199839	0.212833686678388	0.290958892865579
771	0.00896060199999998	0.019374298	0.013012674	0.015880131	0.01226349	0.010325373	0.00983731600000001	0.009305215	0.00940983	0.00944123500000001	0.387020204388274	0.202842482384809	0.203959995095308	0.20295983474127	0.352034030930923	0.317089218822705	0.277303689901952	0.235832779217354	0.198640798508905	0.284059806699907
781	0.00908956499999998	0.019612437	0.013254791	0.016179561	0.012476479	0.010499137	0.010117539	0.009508086	0.009562358	0.00959168000000001	0.383986370228329	0.202842482384809	0.203959853917167	0.202959834731305	0.35038380198447	0.316400569926001	0.277046622251332	0.235796542390355	0.198633915309881	0.281145155428565
791	0.00919514099999998	0.019646539	0.013438561	0.016338219	0.012626682	0.010642227	0.010257081	0.009649517	0.009700196	0.00973244400000001	0.303905548802355	0.182643065758564	0.18384022822907	0.181363572873962	0.254615710111236	0.209188165429607	0.178579971127788	0.156825567707884	0.156987658525479	0.251745739136095
801	0.00927548499999998	0.01985534	0.013566773	0.016450875	0.012747217	0.010759546	0.010360907	0.009751007	0.009800836	0.00983213400000001	0.302731825804729	0.182534852963523	0.183081352549937	0.181213839583203	0.252629490264228	0.201186779253443	0.16093350710079	0.146252585284205	0.158064742121921	0.250123850781253
811	0.00937918199999998	0.020102285	0.01376722	0.016594967	0.012927292	0.01091469	0.010497118	0.009889222	0.009930851	0.010129398	0.295280654004837	0.182534852963523	0.183081355951015	0.181166130947689	0.247025006194396	0.197988212170241	0.159487455322011	0.146130915879791	0.15816269860365	0.250008412407738
821	0.00965360899999997	0.020649412	0.014147093	0.01710554	0.013201495	0.0112232	0.010713975	0.010055562	0.010103673	0.010452458	0.295280654004837	0.182534852963523	0.183081355951015	0.181166130947689	0.247024952508337	0.197987658861341	0.159486213653323	0.146131468792531	0.158162795479728	0.250011432853487
831	0.00979729199999997	0.020690461	0.014340139	0.017205365	0.013361015	0.011358535	0.010836882	0.010185055	0.01026392	0.010589074	0.294689523540113	0.182516670302219	0.182869166347098	0.181166130947689	0.246946461331249	0.198391968782839	0.157076175496335	0.143292770382739	0.158162795574334	0.25001010306139
841	0.00986748799999997	0.020932141	0.014477862	0.01729563	0.013483593	0.011489617	0.010935803	0.010315568	0.010360721	0.010703917	0.294689523540113	0.181566216276358	0.181918798200984	0.180208554062396	0.246946461331251	0.198391968953332	0.157068833140086	0.143294531855169	0.158162795574427	0.250010150526355
851	0.00994231499999997	0.021028497	0.014610362	0.017488363	0.013595673	0.011599306	0.011036381	0.010416716	0.010460679	0.010805122	0.294599322603151	0.181566216276358	0.181917167954286	0.180208480188356	0.246909004696985	0.198382046649781	0.157067851480798	0.143294526196584	0.158162795574427	0.249969355890443
861	0.010007371	0.021049328	0.014725812	0.017591131	0.013696797	0.011696375	0.011132133	0.010511426	0.01055538	0.010911691	0.289096365409599	0.181566216276358	0.181917167954276	0.180208480188356	0.243539200708973	0.196519961537917	0.156174810722166	0.142524300324159	0.154796101106809	0.247721898076545
871	0.010074033	0.021119302	0.014831086	0.01765741	0.0138005	0.011793091	0.011227473	0.010607066	0.010649964	0.0110056	0.288678410605037	0.181566216276358	0.181917167954274	0.180208480188356	0.243385464304591	0.196505459586179	0.155434719085096	0.137301090631749	0.152590321088488	0.247855577834468
881	0.010141015	0.021139907	0.014936609	0.017748432	0.013921684	0.011889927	0.011323606	0.010701802	0.010745865	0.011101519	0.287412886940625	0.181566216276358	0.181917167954274	0.180208480188356	0.242819267544303	0.196285938025839	0.155395447290316	0.137295766436895	0.152589792205699	0.247862541151065
891	0.010204187	0.021202509	0.015035156	0.017811842	0.014018984	0.011982475	0.011418128	0.010791829	0.010835981	0.011191481	0.287199879349055	0.181517324655353	0.181615508520928	0.180208480188356	0.242741063740754	0.196266714130004	0.155393684517686	0.13729575855366	0.152589792205524	0.247863134813044
901	0.010274564	0.021326465	0.015158831	0.017882989	0.014127252	0.012110393	0.011570886	0.010886087	0.010928572	0.011314104	0.282414318761603	0.181517324655353	0.181616568879914	0.180208480188356	0.240785003066634	0.195608864144084	0.155289190505494	0.137275585028482	0.152589792205525	0.247728198494628
911	0.010385382	0.021747107	0.015473927	0.018043694	0.014471903	0.012330911	0.011706871	0.011014347	0.011052692	0.01144782	0.279517776357941	0.181517324655353	0.181616574958189	0.180208480188356	0.239232615850591	0.195253343683309	0.155254166372138	0.137275770427555	0.152589792205525	0.247722002490235
921	0.010750154	0.021986839	0.015749138	0.018305072	0.014787881	0.01250788	0.011913017	0.011188145	0.011265206	0.011652441	0.278656526498178	0.181517324655353	0.181616574958189	0.180208480188356	0.238976558501205	0.195197087644641	0.155250695910173	0.13727576037215	0.152589792205525	0.247721985274186
931	0.010843796	0.022119015	0.015901177	0.018375447	0.014908489	0.012605939	0.012022545	0.011317167	0.011372832	0.011750909	0.274760893628504	0.0979223650603073	0.0985752521556818	0.0993473722907015	0.236169088233086	0.193963743572661	0.153220616176941	0.119621889286927	0.0908246476843662	0.139844923961747
941	0.010985491	0.0222732420000001	0.016129242	0.019033231	0.015104288	0.012805702	0.012305562	0.011460191	0.011497431	0.01187394	0.274726686830418	0.097895562910849	0.0979448203695828	0.0978956256934001	0.235948422802152	0.19099217259333	0.150560908268868	0.116143707427532	0.0904994903281492	0.139842785145754
951	0.011069451	0.022495654	0.01629912	0.01915804	0.015235084	0.012921739	0.012417619	0.011598439	0.011687668	0.012002994	0.274722520130049	0.097895562910849	0.0979448098547182	0.0978956256934001	0.235948337050996	0.190992772595899	0.150537323629924	0.116102489546741	0.0904994900174979	0.139843016306308
961	0.011284374	0.02270285	0.016602694	0.019356898	0.015466176	0.01312206	0.012529186	0.011705414	0.01185738	0.01212821	0.270387929948649	0.097895562910849	0.0979448105680216	0.0978956256934001	0.224742702416573	0.179460204103274	0.145899151428442	0.115881806519428	0.0904995647319894	0.140302123765904
971	0.011384729	0.023066089	0.016817204	0.019460794	0.015628463	0.013243974	0.01264037	0.011829027	0.011962721	0.012233486	0.241427273343667	0.097895562910849	0.0979438084907899	0.0978956256934001	0.200742803906629	0.16421107530474	0.139792406879189	0.114390709159768	0.0904995671398991	0.140205881434673
981	0.01149507	0.023168461	0.017049266	0.019575503	0.016063027	0.013374335	0.012769208	0.012056516	0.01211559	0.012442624	0.205407186456613	0.097895562910849	0.0979433038677145	0.0978956256934001	0.173613686211264	0.147723141397147	0.128027356728285	0.110023922211812	0.0904995671422505	0.138603041359854
991	0.011591345	0.023330375	0.017200861	0.019676504	0.016205993	0.013550017	0.012901673	0.012164974	0.012230669	0.012552458	0.195981174292849	0.0181106966195089	0.030262278666095	0.0181108522148627	0.167186806333712	0.133988071363374	0.100150541939034	0.0873495281222047	0.0620110510510597	0.0743412263166292
1001	0.011659354	0.023560521	0.01731685	0.019810152	0.016315612	0.013643778	0.013108014	0.012261848	0.012321545	0.01264298	0.185871272471597	0.0181106966195089	0.018366650942139	0.0181108522148627	0.160892739374344	0.131168572327392	0.0994336143630436	0.0872201955169849	0.0597384868676323	0.070765810727472
1011	0.011720822	0.023618979	0.01742433	0.019873042	0.016409881	0.013732727	0.013195002	0.012349016	0.012407698	0.012729056	0.185855560105427	0.0181106966195089	0.0183666359246184	0.0181108522148627	0.160893893761711	0.131166116166131	0.0994310106554315	0.0872197652834141	0.0597384846591223	0.0706524762830173
1021	0.011861832	0.023639779	0.017534745	0.02004099	0.01651024	0.01382292	0.013283559	0.012445254	0.012503975	0.012817231	0.18384258827177	0.0181106966195089	0.0183666359246184	0.0181108522148627	0.160365593320396	0.131080653745236	0.0994260318534994	0.0872197433047612	0.0597384846591202	0.0706507433475423
1031	0.011928945	0.023761953	0.01763615	0.020105522	0.016613164	0.013918275	0.013377353	0.012536388	0.012594992	0.012908356	0.180155088343399	0.0181106966195089	0.0183666359245227	0.0181107956709832	0.155637986423963	0.128839351293848	0.0993167115730677	0.0872137431723713	0.0597384846591202	0.0706504928789766
1041	0.011996235	0.023939253	0.01773829	0.020204413	0.016716045	0.014011755	0.013468151	0.012626733	0.012687792	0.012997857	0.179987457674474	0.0181106966195089	0.0183666359245292	0.0181107956709832	0.155569628890522	0.128830765268096	0.0993153152278989	0.0872139995615676	0.0597384846591202	0.0706504840647728
1051	0.012072489	0.0239644060000001	0.017840721	0.020272535	0.016824268	0.014108627	0.013562565	0.012720242	0.012778961	0.013089401	0.179978274541475	0.0181106966195089	0.018366635924529	0.0181107956709832	0.155567152408023	0.12883042385966	0.0993154062310473	0.0872140109649022	0.0597384846591202	0.0706500978685077
1061	0.012356332	0.0241106600000001	0.018075129	0.020414378	0.017119215	0.014285712	0.013710488	0.012877879	0.012940291	0.013370635	0.16844901998576	0.0181106966195089	0.0183666359244974	0.0181107956709832	0.152493037978379	0.131194704168856	0.100513058522882	0.0872024289334819	0.0597384846591202	0.0704523248268074
1071	0.012662339	0.0246322210000001	0.018696921	0.020721645	0.017533336	0.0145871	0.014065409	0.01316586	0.013289356	0.013689049	0.166736218435931	0.0181106966195089	0.0183666359243055	0.018110795571723	0.15165413702616	0.130826197370724	0.100434216606475	0.0872019084724195	0.0597384846591202	0.0687120475008298
1081	0.012913889	0.0251904720000001	0.019045228	0.020995612	0.017981552	0.014889019	0.014308761	0.013455434	0.013618938	0.014019368	0.165438697975776	0.0181106966195089	0.0183666359243049	0.018110795571723	0.151100422154538	0.130623047012104	0.100462723142976	0.087099334118217	0.0597384846591202	0.0635573135174021
1091	0.013095412	0.0252545970000001	0.01931172	0.02111034	0.018202378	0.015066204	0.014476838	0.013650001	0.013822514	0.014189475	0.165354188160749	0.0181106966195089	0.0183666359241796	0.018110795571723	0.151079212649892	0.130618940555268	0.100462510287419	0.0870993974616184	0.0597384846591202	0.0617231797541306
1101	0.013205704	0.0254765260000001	0.019517304	0.021211804	0.018375098	0.0152056	0.014612094	0.013788058	0.013956231	0.014316931	0.14817276653389	0.0181106966195089	0.0183666359241528	0.018110795571723	0.13595213142118	0.117594466104589	0.0961111490975029	0.0870650843148736	0.0597384846591202	0.061718725669607
1111	0.01329832	0.0256743220000001	0.019644994	0.021291051	0.018511395	0.015328219	0.014732079	0.013906598	0.01409967	0.014427481	0.147228648469355	0.0181106966195089	0.0183666359241441	0.018110795571723	0.135512283000324	0.117455707138885	0.0960924546043165	0.0870648424410377	0.0597384846591202	0.0507511083558834
1121	0.01337638	0.0257014600000001	0.019816123	0.021367442	0.018641853	0.015446634	0.014845974	0.014044066	0.01420448	0.014567467	0.143943818683278	0.0181106966195089	0.0183666359241435	0.018110795571723	0.134013876922039	0.117011442860792	0.0960316507377114	0.0870631478726406	0.0597384846591202	0.0507494956632427
1131	0.013568627	0.0262611380000001	0.020096685	0.021580084	0.018914097	0.015659505	0.015123735	0.014247792	0.014430753	0.014801614	0.143761226032096	0.0181106966195089	0.0183666359239871	0.018110795571723	0.13385478782292	0.116808883204679	0.095814142674751	0.0869439191053586	0.0597384846591202	0.0507477936715433
1141	0.013814031	0.0267327920000001	0.020405668	0.021722512	0.019143531	0.01581966	0.015294138	0.014408846	0.014633529	0.015055251	0.142702577175036	0.0181106966195089	0.0183666359239871	0.018110795571723	0.13339819363931	0.116659379251551	0.0957854473917657	0.0869426845013825	0.0597384846591202	0.0507151417977565
1151	0.0138944	0.0269178970000001	0.020529781	0.021799731	0.019268258	0.015940141	0.015404899	0.014520887	0.014744871	0.015167161	0.139162749162196	0.0181106966195089	0.018366635923978	0.018110795571723	0.131998987421631	0.116300430721794	0.0957263075279399	0.0869370708927675	0.0597384846591202	0.0507147254919443
1161	0.013972728	0.0270691320000001	0.020651204	0.021877876	0.019391154	0.016054782	0.015516522	0.01463165	0.014855637	0.015278506	0.13817538748048	0.0181106966195089	0.0183666359239786	0.018110795571723	0.131697669225284	0.116297563933515	0.095744290325744	0.0869531357225273	0.0597384846591202	0.0507146837745798
1171	0.014049877	0.0271492780000001	0.020771954	0.021956096	0.019512578	0.016167359	0.015636172	0.014743846	0.014967343	0.015389018	0.13817510227177	0.0181106966195089	0.018366635923806	0.018110795571723	0.131678363308586	0.116271242905255	0.0957272428477796	0.0869500742010515	0.0597384846591202	0.0507145382067557
1181	0.014126685	0.0271734080000001	0.020890295	0.022032609	0.019631284	0.016278608	0.01574595	0.01485274	0.015083555	0.015500069	0.1367788593554	0.0181106966195089	0.0183666359237499	0.018110795571723	0.131016862701412	0.11598781355964	0.0956636462114957	0.0869479780522438	0.0597384846591202	0.0505094224865541
1191	0.014208688	0.0272609320000001	0.021026603	0.022116322	0.019760669	0.016396727	0.015862343	0.014976346	0.015206983	0.015616027	0.137014838287397	0.0181106966195089	0.0183666359237359	0.018110795571723	0.131285969950695	0.114915711936642	0.0950383868878089	0.0868699331716806	0.0597384846591202	0.0504600369022383
1201	0.0143002179999999	0.0272889640000001	0.021159033	0.022199943	0.01989433	0.016517971	0.015981083	0.015093287	0.015324791	0.015733464	0.136764372725462	0.0181106966195089	0.0183666359237337	0.018110795571723	0.131205731889709	0.11486841011905	0.0950151102959952	0.086876516144016	0.0597384846591202	0.0504603004622578
1211	0.0144768849999999	0.0275073860000001	0.021501288	0.022362002	0.020163693	0.016721977	0.016251983	0.015416867	0.015677746	0.015958551	0.136667928941506	0.0181106966195089	0.0183666359237194	0.018110795571723	0.131123166800442	0.11506392878789	0.0951852571950432	0.0869019784293683	0.0597384846591202	0.0504590303732873
1221	0.0147236409999999	0.0277599300000001	0.021982932	0.022604669	0.02063174	0.016974888	0.01647577	0.015622554	0.015886107	0.016177887	0.122778272276975	7.49503719334004e-17	0.00305608887997966	2.99339209243455e-05	0.105039465820316	0.0942644690904871	0.0690214920339318	0.0485667996894434	0.046146584522631	0.0476898525502569
1231	0.0149366089999999	0.0281889470000001	0.022338735	0.022969903	0.021181196	0.017273489	0.016754319	0.015946381	0.016121942	0.01638217	0.106330916985993	7.49503719334004e-17	0.00305526993625278	8.48156211194553e-08	0.0963965432594193	0.0906875119185674	0.0681117158853627	0.0485160174910958	0.0461463465797351	0.0477096721580939
1241	0.0150967849999999	0.028335347	0.022586298	0.023301157	0.021397706	0.017455996	0.016927446	0.016359107	0.016322444	0.016542095	0.101849657406448	7.49503719334004e-17	0.00305526993625278	8.48156211193959e-08	0.0947333086836259	0.0902667394009154	0.0680376351618306	0.048496929082981	0.0461463465795081	0.0477095301022119
1251	0.0152155099999999	0.028640418	0.022772611	0.023432047	0.021570865	0.017610357	0.017078842	0.01653104	0.016478352	0.016683886	0.101074847343597	7.49503719334004e-17	0.00305526993623395	8.4815621108068e-08	0.0944164397619428	0.090156938392895	0.0680062980420926	0.048486990282655	0.0461463465795081	0.0475675668553898
1261	0.0153512139999999	0.028812064	0.023042129	0.023560147	0.021770789	0.017764277	0.017240806	0.016695179	0.016628559	0.016861283	0.100177079575356	7.49503719334004e-17	0.00305526993623395	8.4815621108068e-08	0.0938097672890438	0.0899302852917938	0.0679695664967331	0.0484863488923316	0.0461463465795081	0.0475701224566465
1271	0.0155005209999999	0.029142626	0.02332105	0.023702332	0.022036176	0.017956607	0.017437178	0.016922562	0.016851743	0.017069809	0.100124025224426	7.49503719334004e-17	0.00305526993623508	8.4815621108068e-08	0.0938008289138502	0.0899296603234497	0.0679695621247994	0.0484863491314002	0.0461463465795081	0.0475703403615147
1281	0.0156061659999999	0.029276932	0.023476427	0.023801596	0.022189938	0.018130155	0.017573322	0.017064122	0.016990748	0.017208118	0.100128986703985	7.49503719334004e-17	0.00305526993558047	4.24078106410392e-08	0.0804356175835139	0.0606030261482997	0.0497854796009299	0.0465417672001945	0.0461463465795081	0.0474016151122084
1291	0.0157020509999999	0.0293991340000001	0.023634791	0.023890799	0.02242868	0.018300159	0.017702076	0.017190891	0.017116776	0.01736017	0.0988066064766331	7.49503719334004e-17	0.00305526993534101	4.24078105546234e-08	0.0799544586656673	0.0604727441727207	0.04977129755825	0.0465406007518813	0.0461463465795081	0.0474028627810388
1301	0.0157906279999999	0.029488097	0.023769375	0.023973623	0.022560643	0.018424033	0.017822746	0.017311254	0.017236214	0.017482155	0.0986138857970469	7.49503719334004e-17	0.0030552699352855	4.24078105546234e-08	0.0798288718382043	0.0604296345706956	0.0497676158441861	0.0465405848680423	0.0461463465795081	0.0474023318876119
1311	0.0158742609999999	0.0296283490000001	0.023902007	0.02405547	0.022689707	0.01854562	0.017940285	0.017429715	0.017353492	0.017600349	0.0985920242572362	7.49503719334004e-17	0.00305526993528469	4.24078105546234e-08	0.0798254506854547	0.0604308275090518	0.0497682085181097	0.0465405956392928	0.0461463465795081	0.0474023453223866
1321	0.01595519	0.0296540360000001	0.024035877	0.024135936	0.022815847	0.018665203	0.018058272	0.017546417	0.017478531	0.017717603	0.0980171422458017	7.49503719334004e-17	0.00305526993528106	4.24078105525002e-08	0.0796186607148445	0.0604002927600646	0.0497660487761794	0.0465405513285335	0.0461463465795081	0.0474035782285003
1331	0.016041355	0.0297848760000001	0.024165821	0.024220643	0.022948558	0.018789572	0.018178101	0.017681114	0.017598201	0.017837811	0.0980171422458017	7.49503719334004e-17	0.00305526993528071	4.24078105525002e-08	0.0796151135485278	0.0603986278872656	0.049765788714507	0.0465405392983636	0.0461463465795081	0.0474031982880143
1341	0.016127062	0.0298596560000001	0.024296603	0.024305493	0.023079942	0.018945394	0.018298285	0.0178013	0.017739842	0.017960313	0.0760869242605336	7.49503719334004e-17	0.00305526993499698	2.12039053225069e-08	0.0630465622407314	0.05402641549061	0.0479704650440447	0.0464523390359984	0.0461463465795081	0.0473924848288825
1351	0.016230936	0.030001532	0.024438472	0.024393839	0.023232111	0.019114959	0.018428438	0.0179667	0.017910414	0.018188095	0.0760869242605336	7.49503719334004e-17	0.00305526993499698	2.12039053225069e-08	0.0630406055695398	0.0540207853245187	0.0479730514815974	0.0464426646629785	0.0461463465795081	0.0473927554026146
1361	0.016375061	0.030081862	0.024754753	0.024594728	0.023499826	0.0193899719999999	0.018713345	0.018317574	0.018110592	0.018413337	0.0760869242605336	7.49503719334004e-17	0.00305526993499698	2.12039053225069e-08	0.0630406055695393	0.0540207853243062	0.0479730515045109	0.0464426641713706	0.0461463465795081	0.0473927574946784
1371	0.016637805	0.030212084	0.025133632	0.024776606	0.023834284	0.0196270399999999	0.019093499	0.018594341	0.018322232	0.018648341	0.0757839483723294	7.49503719334004e-17	0.00305526993499706	2.12039053225021e-08	0.0628630503388942	0.0539516361787631	0.0479617727931928	0.0464420110164837	0.0461463465795081	0.0473927574948482
1381	0.016925382	0.030284636	0.025478925	0.024925788	0.024114436	0.019928305	0.019331173	0.01900669	0.018546742	0.018837399	0.0757767979381718	7.49503719334004e-17	0.00305526993499686	2.12039053225021e-08	0.0628626519578829	0.0539515789017892	0.0479617353596792	0.0464420094441116	0.0461463465795081	0.0473927574935446
1391	0.017103976	0.030349494	0.025778735	0.025107747	0.024402041	0.0201940159999999	0.019567855	0.019263405	0.018779561	0.019075458	0.0755164531085177	7.49503719334004e-17	0.00305526993499686	2.12039053225021e-08	0.0627866089659102	0.0539367487105219	0.0479609014566918	0.0464420420336928	0.0461463465795081	0.0473927529953038
1401	0.017292316	0.030578624	0.02605106	0.025285691	0.024679418	0.0204222019999999	0.019792953	0.019512236	0.018999284	0.019291149	0.072041192807127	7.49503719334004e-17	0.00305526993489406	2.12039053225021e-08	0.0601954377164904	0.0521285852467766	0.0474848941667332	0.0464340784690599	0.0461463465795081	0.0473927559728072
1411	0.01745526	0.031065228	0.026298633	0.025424679	0.024935935	0.020794255	0.020122771	0.01976144	0.019209789	0.019562299	0.0719739843264236	7.49503719334004e-17	0.00305526993489406	2.12039053225021e-08	0.0601809021874356	0.052126688159929	0.0474847744012076	0.0464340119004058	0.0461463465795081	0.0473927565688095
1421	0.017634523	0.031146364	0.026470893	0.025604611	0.025152786	0.020925414	0.020244888	0.019886893	0.01933829	0.019690372	0.0719048399193128	7.49503719334004e-17	0.00305526993489401	2.12039053225009e-08	0.0601490422472902	0.0521203672621486	0.0474845158828431	0.0464313703581724	0.0461463465795081	0.0473927189209526
1431	0.01772917	0.031372015	0.026627592	0.025691383	0.025306167	0.021051266	0.02036557	0.020007439	0.019456867	0.019815983	0.0696304965875887	7.49503719334004e-17	0.00305526993463294	2.12039053225006e-08	0.0590705245053002	0.0517435334229324	0.047402676106007	0.0464296957635812	0.0461463465795081	0.048374141977579
1441	0.017815204	0.031636696	0.026782558	0.025783398	0.025454519	0.021181773	0.020488464	0.020130703	0.019617866	0.019970321	0.0696302756550594	7.49503719334004e-17	0.00305526993463294	2.12039053225006e-08	0.0590704310483508	0.0517448051328598	0.0474061443542917	0.0464327923611984	0.0461463465795081	0.0491901579022558
1451	0.017906002	0.031758548	0.026921561	0.025867736	0.025618106	0.0213075799999999	0.020607174	0.020253391	0.019737921	0.020092234	0.0696302229816868	7.49503719334004e-17	0.00305526993463294	2.12039053225006e-08	0.0590704286460185	0.0517448051005308	0.0474061443749464	0.0464327926943177	0.0461463465795081	0.0491955745662236
1461	0.01801566	0.03189406	0.02706948	0.025984987	0.02578854	0.0214599049999999	0.020761234	0.020380088	0.019881906	0.020277772	0.0696302229816868	7.49503719334004e-17	2.98396139582612e-06	2.12039053225006e-08	0.0590704286460171	0.0517448051005297	0.0474061443749465	0.0464327926943526	0.0439244762113245	0.0313300257596503
1471	0.01809917	0.032017224	0.027212021	0.026065427	0.025910112	0.0215734549999999	0.020872129	0.020493274	0.019993215	0.020387228	0.0696301903219021	7.49503719334004e-17	6.29199298910961e-08	2.12039053225006e-08	0.0590704245719397	0.0517448049750806	0.0474061443773334	0.0464327926943546	0.0438946967754933	0.0313539259419487
1481	0.018173089	0.032141338	0.027339329	0.02613977	0.02602671	0.0216806779999999	0.020986488	0.020598139	0.020097899	0.020491772	0.068671382840578	7.49503719334004e-17	6.00818175877579e-08	2.12039053225006e-08	0.0582952598576242	0.0512480122414496	0.0471724781281317	0.0463720093282935	0.0438946676994506	0.0267177865532827
1491	0.018247047	0.03225881	0.027463464	0.026213532	0.026159881	0.0217915969999999	0.021092436	0.020703133	0.020202194	0.020595986	0.0677899565124264	7.49503719334004e-17	5.81085925533061e-08	2.12039052961862e-08	0.0579315637851161	0.0511434855072564	0.0471537987580186	0.0463709463642329	0.0438946676710561	0.026660133649015
