k	rt_srk	rt_esrk	rt_hb_double_inexact	rt_hb_opt_beta	rt_hb_beta_0.1	rt_hb_beta_0.2	rt_hb_beta_0.3	rt_hb_beta_0.4	rt_hb_beta_0.5	rt_hb_beta_0.6	res_srk	res_esrk	res_hb_double_inexact	res_hb_opt_beta	res_hb_beta_0.1	res_hb_beta_0.2	res_hb_beta_0.3	res_hb_beta_0.4	res_hb_beta_0.5	res_hb_beta_0.6
1	0	0	0	0	0	0	0	0	0	0	0.216963286328512	0.0634042587324511	0.066344426971351	0.0856969116340116	0.198876621064956	0.181233226167838	0.162671898396962	0.130395750801515	0.104582300647401	0.0842319038651029
3781	0.040416088	0.229854777	0.05549349	0.341671054	0.0589229489999999	0.0514195200000001	0.0493675599999999	0.0482088039999998	0.0480654520000001	0.048546081	0.0939958494731029	0.0279971901089461	0.0305942316836058	0.0375398165345879	0.0848394046956648	0.0751917794077869	0.0632089552043336	0.0527573731062693	0.0445221379153858	0.0371144936588334
7561	0.076907576	0.418354665999998	0.104281264	0.639479988	0.111568348	0.0980490630000003	0.0935719950000001	0.0926207119999994	0.0916172120000002	0.0923924669999997	0.0614625451201414	0.0216510944598459	0.0217031152276647	0.0240042537624348	0.0538436773259646	0.0465347940766149	0.0408191518353467	0.0356860839406087	0.0308219782347351	0.0253945178993719
11341	0.114034907	0.614718220999998	0.156458098	0.945913336	0.166186233999999	0.146662516000001	0.139476289	0.138515696999999	0.137588868	0.137598309	0.04121161206175	0.0130081360189516	0.013741137618179	0.0166912404758993	0.0374504679273286	0.0340481477947691	0.0310455319489061	0.0263320317714097	0.0228374887446459	0.0180509600441459
15121	0.149733007999999	0.79723261	0.204763341000001	1.239961565	0.218433120999999	0.192626587000001	0.182833327999999	0.181851619999998	0.180770876999999	0.180406453	0.0333379692855622	0.0101477492221649	0.0111860389068905	0.0116457995671117	0.0311772770998432	0.0272694346648664	0.0240666619083972	0.0216354025984821	0.0168692677055085	0.0131724064306424
18901	0.184063007999999	0.976589022999997	0.252648893000002	1.534992012	0.270008017	0.238235557000001	0.226428987999999	0.225516454999998	0.224088512	0.223464634	0.0282204041485229	0.00907669853646654	0.00847985131558429	0.0106214474076368	0.0251991757443293	0.0230171955436881	0.0205329150358768	0.0157639652037713	0.0128865819647319	0.0108487205119965
22681	0.218741484	1.15298396399999	0.299928203	1.82365922999999	0.321563968999999	0.283743004	0.270344111999998	0.269202316999999	0.267724991	0.266836149	0.0232376402303091	0.00675768229742079	0.00731869938172144	0.0080955122113359	0.0216411683885046	0.0198074770198345	0.014961814307703	0.0123812966515086	0.0106078523890034	0.00888443958661304
26461	0.251033454	1.31804943999999	0.344359446	2.104084669	0.370261492	0.327332903000001	0.312208097999999	0.310969531999996	0.309524747	0.308320516999999	0.0207753174153802	0.00583755787358587	0.00637358785532291	0.00709115186607265	0.0187143109897879	0.0152114177537886	0.012416914311164	0.0107076705106424	0.00918828481464236	0.00788452514897049
30241	0.283169230000002	1.48357729899999	0.389126228999999	2.380062679	0.419678185999998	0.371063546	0.353786232999998	0.352468240999995	0.351127182	0.349882672999998	0.018748531507023	0.00513878040338032	0.00532211080277573	0.00604962633481033	0.0148604123033013	0.0124692325852991	0.0107331156042813	0.00918776297773891	0.00796197689989775	0.00609951113740382
34021	0.315249796000003	1.64976058699999	0.433743747999998	2.65677451300001	0.468460013999999	0.414725695000001	0.396118000999998	0.394538124999996	0.392871661	0.391627113999998	0.0147166996409236	0.00493043214679206	0.00507891042143383	0.00534359421194102	0.0127180777104997	0.0112757753892496	0.00978351546667977	0.00868686410283043	0.00752177767655443	0.00569514196015108
37801	0.347573973000003	1.81363430299999	0.478670165999999	2.93403642100001	0.517303203999998	0.458913188	0.438513102	0.436645387999996	0.434979013999999	0.433663499	0.012800018372198	0.00436126604466499	0.00452927899771993	0.00474637906022211	0.0113518998811517	0.00990270136088104	0.00879425533979353	0.00785167389463469	0.00612282558523486	0.00501347117309176
41581	0.380402554000002	1.98191121799999	0.523642362999999	3.214835176	0.567251998999999	0.503378854000001	0.481076859999999	0.478602257999997	0.477243928999999	0.475910167	0.0118322301940996	0.00381581566852614	0.00438024237342396	0.00449054422991321	0.0105966469993324	0.00948163902824343	0.00859274606271654	0.00769353148383306	0.00590824891856133	0.0049422827590716
45361	0.413591862000002	2.15010897299999	0.569455747999999	3.499057205	0.617423453999997	0.54818987	0.524615361000001	0.521770104999996	0.520354887999998	0.519051485999999	0.010444198789522	0.00355841495007267	0.00394911607071218	0.00422799491796439	0.00939448526975663	0.00848290024372024	0.00770065382876241	0.0061411326756602	0.00520032667883589	0.00434095626676577
49141	0.446157680000001	2.31711634199999	0.615287655999996	3.778860395	0.667279549999996	0.592713329000002	0.567291851	0.564606829999999	0.563016423999996	0.561728690000002	0.0119639069714476	0.00485421957178307	0.00503007342374078	0.00534514479293744	0.0112954648195001	0.0105330751788718	0.0096196491942988	0.00803495949524938	0.00709499519709392	0.00579995169995625
52921	0.478800858000002	2.48316386799999	0.661004537999997	4.05884310800001	0.716911123	0.637398603000001	0.610339254000001	0.607325260999998	0.605093951999997	0.604235920000003	0.00911951304467354	0.00310998753713043	0.00321936901341762	0.0029962689121203	0.00841870220713741	0.00772244756302512	0.00633154130060546	0.00544216935068875	0.00459834374299372	0.00417464181899436
56701	0.511050339000002	2.64831488299997	0.706347569999996	4.33683661300002	0.766255042000001	0.681443463000001	0.652944846000002	0.649748156000001	0.647501488	0.647184704000005	0.00855499014669822	0.00256407712011727	0.00290574040467347	0.00283132527995604	0.00788424424277221	0.00727537376260009	0.00581719452635688	0.00508646008410337	0.00440446983150905	0.00371722247586183
60481	0.543994837000001	2.81539699399999	0.751803814999994	4.617383011	0.816177461000003	0.726236646999999	0.695938372000002	0.692918198	0.690341473000001	0.690254587000004	0.00852927568380225	0.00335500523453827	0.00341282284856538	0.00289622500795845	0.00786118373465034	0.00653033164951423	0.00573810045001358	0.00518181853925861	0.00485338258938946	0.00454443195324404
64261	0.577207329000005	2.982770859	0.797168377999996	4.89360543600003	0.865827847000006	0.770706232	0.738712328000002	0.735423215999997	0.732874718000004	0.732619780000003	0.00762872942329921	0.00243847593422919	0.00270138920565408	0.002310050945027	0.00698013605240857	0.00567684358658532	0.00500822388965511	0.00454858102861794	0.00407997896365532	0.00342048031594734
68041	0.610112519000007	3.15149329199999	0.843303508999994	5.17691321200001	0.916148846000006	0.815576947000001	0.781886164000005	0.778713115999995	0.775923008000007	0.775448033000003	0.00713693748322397	0.00218821726781344	0.00230934691404879	0.00219924504873582	0.00591474091661746	0.00529857620261994	0.00468685646305513	0.00429494630122991	0.00382776195325158	0.00298345522625342
71821	0.644108562000009	3.326367783	0.890904917999992	5.46361264400002	0.967631592000008	0.861962177000004	0.826535669000004	0.822912078999995	0.820061835000007	0.819693102000007	0.00700347672760988	0.00207924886534593	0.00217568037366998	0.00210430567733863	0.00573359505324425	0.00517477028952337	0.00459354118577559	0.0041667992009535	0.00353560766456432	0.00272324205333398
75601	0.677566449000004	3.493460933	0.937264304999992	5.74539683300003	1.01804666700001	0.907199142000001	0.870184559	0.866528888999994	0.863773726000007	0.862917929000006	0.00608861756933408	0.00188181403800308	0.00190102492323494	0.0021695776152596	0.00532201844430668	0.00473659629701247	0.00435355604079692	0.00389967798289093	0.00326768344894772	0.00240376656248156
79381	0.710551692000005	3.66175013600001	0.982563248999994	6.02254052300005	1.06764006	0.951589036000001	0.913025522	0.909618409999992	0.906251971000007	0.905371044000002	0.00558917750173228	0.00185822682516318	0.00180750926764195	0.00209206008260448	0.00505283534171221	0.0045432971118987	0.00424707990165803	0.00393976276048886	0.00313212471188216	0.00233547176218319
83161	0.743196082000005	3.830026989	1.02836934999999	6.30358855300006	1.117722101	0.996459580000001	0.956508451000001	0.952754549999991	0.949287537000008	0.94852866	0.0058785461063156	0.00202878432324707	0.00203111703149656	0.00245761522819737	0.00528674558640549	0.0048062315506298	0.00446950977476408	0.00407071919878459	0.0030852249330392	0.00242443227661514
86941	0.776217257000003	3.997955683	1.07465175699999	6.58374312100005	1.167794139	1.041278755	1.000089978	0.99559444099999	0.992455005000008	0.991740481000001	0.00508554145568723	0.00156510799421649	0.00162685172344154	0.00179390416557783	0.0046334734007857	0.00426007832200914	0.00396961196360842	0.0036433845069022	0.0025768223876431	0.00199197840511274
90721	0.809804757000005	4.16769997000002	1.12073462899999	6.86847098200002	1.21905098300001	1.086788581	1.043727592	1.03910116799998	1.03585724000001	1.03492823000001	0.0049936853998415	0.00167042465406511	0.00166179300977153	0.0018146091145161	0.00453884702909096	0.00422897797575574	0.00394740023156824	0.00331131415080147	0.00267441940913453	0.0020351541304987
94501	0.847199934000003	4.35441008200003	1.172284634	7.16111354800002	1.27401553800001	1.134821281	1.089453293	1.08558714799998	1.08178703700001	1.08042894400001	0.00479144566924599	0.00154490839027757	0.00151942473306579	0.00161263671131319	0.00440787019086096	0.00411462606037327	0.00380818199282328	0.0030155129275623	0.00254730249070658	0.00190019286931475
98281	0.886310517000003	4.55002928300005	1.225761597	7.46557191700003	1.33134583400001	1.185167142	1.137283945	1.13290300399999	1.12961769800002	1.128302015	0.00466537637668284	0.00154096325924901	0.00139870687489279	0.00170228847611303	0.00430783551877362	0.00402001035112467	0.00371661663221397	0.0027352383669422	0.00241301501307443	0.00177742850231937
102061	0.923013520000004	4.73491778400004	1.27607254299999	7.76196187700005	1.38516309700001	1.232894191	1.18309873700001	1.17815806799998	1.17511719900002	1.17370801500001	0.00457050260077972	0.00158127932611852	0.00153326796182196	0.00186254776819025	0.00428510085847651	0.00405870104129054	0.00363627863309763	0.00287702333108418	0.00248819684095504	0.00204669987384806
105841	0.959552646000004	4.91664157300002	1.32563889699999	8.05374286100004	1.43859978500001	1.28033619100001	1.22856483700001	1.22333213199998	1.22012784800002	1.21901744600001	0.00432074664152911	0.00132411328845709	0.0013381729714047	0.00141837047295941	0.00404920646388241	0.00366035394998167	0.00306501227645038	0.00257551205054934	0.00204382558705334	0.00167188070236618
109621	0.996395862000004	5.09836912500003	1.37638553399999	8.353485978	1.49321373500001	1.328685499	1.27495103400001	1.26928310999998	1.26577894300002	1.26476955700001	0.00441802595243259	0.00136572944157726	0.00134734623279813	0.0014750437565534	0.00413712942310496	0.00372358682874055	0.00297524438775144	0.00262392164263607	0.00207646314016706	0.00173141478168883
113401	1.03008900600001	5.26771206900002	1.42315921999999	8.63639130700001	1.544581085	1.374991452	1.319552552	1.31370940899998	1.31014551700002	1.30907519200001	0.00423498652571684	0.00128186682169857	0.00120678466155799	0.00146575923685959	0.00382945820354181	0.00353131727124097	0.00279239921915006	0.00244538796138336	0.00191379601006817	0.00160275592396021
117181	1.06476175100001	5.44275779700003	1.47121833899999	8.92770068300002	1.59706795000001	1.421751441	1.364289951	1.35846033199998	1.35480369200002	1.35378357800001	0.00403285320208481	0.0012249629793447	0.00114257985213901	0.0013280878135784	0.00369826566879871	0.00327051694293736	0.00262534349624303	0.00230148182127756	0.00179017273903167	0.0015233335201616
120961	1.09917668000001	5.61658585300002	1.51934507999999	9.21766861000006	1.64943900400001	1.468708695	1.40954029200001	1.40334447199999	1.39975434100002	1.39852641600001	0.00400112887267913	0.00135309069486865	0.00129471977607026	0.00148554971602395	0.00375452748896333	0.00334421402582704	0.00283586835598264	0.00256151792262974	0.00204801093955913	0.00182076408460551
124741	1.13284475800002	5.78731837600003	1.56703543399998	9.50190544500008	1.70044740800002	1.514895705	1.45373138100001	1.44750163799998	1.44403112000002	1.44266445100001	0.00401592327665151	0.00141473179835283	0.00135143822789778	0.00147266039468139	0.00383153056856176	0.00321841414218003	0.00289536816866399	0.00252336288273032	0.0021318442426525	0.00190900805660361
128521	1.16684098400001	5.95851811499998	1.61488278299998	9.78528371900013	1.75219200100002	1.561167253	1.49847672200001	1.49241951999998	1.48839983000002	1.48694957200002	0.00370541540009246	0.00103493148570858	0.00099910953135453	0.00118798833892403	0.00325682052075407	0.0027500323186498	0.00242780254975957	0.00196482396790084	0.00164617448333616	0.00136160880827676
132301	1.20163345700001	6.134812103	1.66377450399998	10.0772845400002	1.80506456600002	1.608533724	1.54399991300001	1.53758771699998	1.53351055300002	1.53208372400001	0.00362679212410724	0.00107751721552701	0.0010623957641239	0.00122190559333504	0.00317981961034796	0.00267938938066836	0.0024085293444682	0.00192939529028298	0.00163945157619469	0.00140078005932506
136081	1.23615927800002	6.30891946499998	1.71278459299998	10.3747475950002	1.85781130900002	1.655883556	1.58974769100001	1.58308694699998	1.57889822900002	1.57730837900001	0.0035908753822244	0.00100356982246632	0.00101627415764196	0.00114855087086233	0.00312209134535265	0.00255107430421306	0.0023130156074215	0.00185070032552658	0.00159279335966233	0.00136462373730898
139861	1.27060234900003	6.48122061599999	1.76040121399998	10.6623207780003	1.91012882700002	1.70276785999999	1.63485736200001	1.62785449999998	1.62345449600001	1.62208544500001	0.00343086097419505	0.00111791263659764	0.00111891858600091	0.00118086417344973	0.0031927415324476	0.00271249607379631	0.00250114668141013	0.00201557679718116	0.0017565111443667	0.00153679414243751
143641	1.30440717900003	6.64981979099996	1.80747127199998	10.9489526180003	1.96181770100002	1.74905264499998	1.67924122100002	1.67196655999998	1.66767914500001	1.66606412300001	0.0032298820115471	0.000981336286856465	0.000983534810711124	0.00104295412780486	0.00275309879015811	0.00245988850815918	0.00223660552671604	0.00178925493004067	0.00155799759959724	0.00132711281813545
147421	1.33794616700002	6.81797536999998	1.85444151799998	11.2332427220004	2.01303349600001	1.79526624199998	1.72375158900001	1.71611084899997	1.71190855600001	1.71027414400001	0.003280347479661	0.00104089450388729	0.00102031991622041	0.0011175958028575	0.00278836488065039	0.00256104679748746	0.0022746660307281	0.00190995510817383	0.00168687598125583	0.00151390082968777
151201	1.37115570200002	6.98526393299999	1.90056364499998	11.5152079710003	2.06364122800002	1.84054553199999	1.76743506000001	1.75962310899997	1.75526621600001	1.75377719400001	0.00304124275616553	0.000929394203278749	0.000943001715389231	0.00109018741086497	0.00256917653249411	0.00233883621482686	0.00196556306426833	0.00173379643429538	0.00153863854183458	0.00130160872285003
154981	1.40628428700002	7.16196628299999	1.94934358099999	11.8117515430003	2.11670280900002	1.88806424699999	1.81313344600001	1.80543380699997	1.8009403	1.79929853300001	0.00293173424738391	0.000900905496443783	0.000914113030278378	0.000984307150428346	0.00255434677487116	0.00233381220610338	0.001926699567549	0.00169344334712362	0.00150112329529512	0.00128784244661288
158761	1.43980701300002	7.33120351799998	1.99612651199998	12.0935669900003	2.16777953600001	1.93395564199999	1.85744381000002	1.84926697099995	1.844596223	1.84314728700001	0.00274111588639185	0.000831467032360013	0.000799967882411897	0.000956916846054014	0.00249009142045132	0.00226806308252232	0.0018350047109838	0.00157822762898121	0.00137464828275846	0.00113232687158705
162541	1.47406742900002	7.50479122599998	2.04368406499999	12.3851931460003	2.22007695100003	1.98062726299998	1.90250098900002	1.89394076399996	1.889153873	1.88790154400001	0.00262641596182466	0.000808561773302993	0.000793259828489988	0.000901925498911907	0.0024071223123553	0.002204373236458	0.00177975836836312	0.00154842564383985	0.001352617567102	0.00111266198634822
166321	1.50802241100003	7.67748985099997	2.09055085399997	12.6723605520003	2.27117529500001	2.02617241099998	1.94667485400002	1.93763342299996	1.932862112	1.931751728	0.00275445078469246	0.000880081943657335	0.000860669866159583	0.00095347970098245	0.00252631507478046	0.00222210001719783	0.00186085228438365	0.00163095990093373	0.00142080609011968	0.0011688603003383
170101	1.54265919000002	7.85210582099996	2.13898408999998	12.9645082050003	2.32396433200001	2.07343497699999	1.99169832000002	1.98269792499996	1.97799473599999	1.97678527900001	0.00248705296039826	0.000783887773396329	0.000761646722545685	0.000875365611025725	0.00227491421521274	0.00193840077660209	0.00168204300494618	0.00147920690209747	0.00129434362804075	0.00106935460955685
173881	1.57664043500003	8.02291058999997	2.18637103799997	13.2542036440003	2.37586786400001	2.11982691499999	2.03639273100003	2.02724339799996	2.02237472399999	2.02130394200001	0.00254213404989781	0.000814070805261935	0.000814017103366237	0.000928558748540286	0.00234108052463889	0.00200650811233439	0.00176555542726105	0.00158757842184275	0.00140063827253898	0.00118105413755543
177661	1.60982374400003	8.18947673599994	2.23266883799998	13.5335115900003	2.426626982	2.165103368	2.07979163300003	2.07038356699995	2.06552999000001	2.06508469300001	0.00257937652082497	0.000827350697444338	0.000811575552439446	0.0008811511508541	0.00236603846911958	0.00198394390882402	0.00178952450612462	0.00164284823673967	0.00142963791166842	0.00111019782690105
181441	1.64406733000003	8.36176682199991	2.28035856399998	13.8238213750004	2.47867074400001	2.21213964700001	2.12522343400002	2.11535474599996	2.11046965400001	2.110124271	0.00233076253309354	0.000745756290233049	0.000724407380050745	0.000786053756532306	0.00213798054821865	0.00178725475287711	0.00159808091884582	0.00143894019744556	0.00124930738347135	0.000982795225670747
185221	1.67752429900003	8.53003027799986	2.32702637599997	14.1065960780004	2.52964764800001	2.25795831600001	2.16923420800002	2.15926266699997	2.15440388100002	2.15396873200001	0.00231861391466686	0.000775195500818051	0.000727343716279241	0.000849325295708028	0.00207722548135889	0.00179968220984743	0.00159424039305151	0.0014377002972528	0.00123424309361149	0.000968339281746469
189001	1.71248067200003	8.70465943399986	2.37581741899998	14.4017994920004	2.58289330500001	2.30554993	2.21516198200002	2.20493455699997	2.19999497200002	2.19949420800001	0.00229047954110548	0.000693377264783244	0.000682059165440586	0.000760750293642007	0.00197051812469047	0.00173075831270938	0.00153889271049571	0.00137036997092463	0.00117393765325906	0.000849011197947698
192781	1.74698664600003	8.87708371399982	2.42410952899998	14.6900727210003	2.635274769	2.35231641800002	2.26034193300002	2.24977094499997	2.24463714600001	2.24408317900002	0.00221753814550041	0.000699339882201121	0.000679463508374186	0.000777011565174119	0.00189055120788352	0.00168575597508929	0.00151285156985698	0.00136525977116527	0.0011869365550251	0.00086937461537387
196561	1.78119861400003	9.05022535399978	2.47215808499998	14.9817449470003	2.687567232	2.39908841400002	2.30557378900002	2.29480867699996	2.28937249200003	2.28870969900001	0.00233557305924072	0.00075276871683773	0.000770324300356289	0.000847514226456725	0.00198587562121388	0.00175947082519326	0.00160582111427627	0.00145779216833083	0.00125195767112225	0.000889146485655038
200341	1.81483510000004	9.2210243879998	2.51948627699999	15.2693678540003	2.739154693	2.44518285600002	2.35007205900003	2.33919596999996	2.33385471100003	2.33303656600001	0.00221391999838654	0.000697418121972522	0.000718609655878015	0.000744205519953527	0.00184790067815863	0.00163402100434101	0.00148529876860758	0.00132980104317494	0.00116531204434396	0.000828729907038341
204121	1.84867340400004	9.3909025429998	2.567285212	15.5545929700003	2.79131117700001	2.49177910400002	2.39484842400003	2.38407360599997	2.37850424300004	2.377919059	0.00208589108802436	0.00061533821862022	0.00063783010439914	0.000705825783713818	0.00180723257495421	0.00161325527028976	0.00146532823238146	0.00130518580807457	0.00111563168039503	0.000799959470965121
207901	1.88391330800004	9.56790113399981	2.616884661	15.8543672280003	2.84522283	2.53985985800002	2.44155036800003	2.43050290999997	2.42473041500004	2.424023663	0.00203845651382331	0.000601924496497353	0.000613992905198208	0.000680875057671796	0.0017523705944893	0.00156138147595209	0.00141235709804543	0.00124487066386818	0.00104399617313939	0.000739002645229631
211681	1.91690444000005	9.73364843499982	2.66325951500001	16.1323897210004	2.89576406300001	2.58566264300002	2.48540352300003	2.47394385399996	2.46827043200005	2.467625124	0.00197200414760576	0.000615898405623215	0.00065997072960218	0.000684791196215033	0.00172726901452458	0.00160100456211981	0.00147251709369536	0.00131875539339394	0.00107986197691394	0.000755621196539626
215461	1.95114637900005	9.90565227099976	2.71077154800001	16.4194701690004	2.94796190200001	2.63199609000001	2.53022527600003	2.51870999599997	2.51283599800006	2.51209859699999	0.00186236972236107	0.000557999384025305	0.000573455190730098	0.000610385835447744	0.00164606600229373	0.00150990804377024	0.00137185525077314	0.00121046324996887	0.000994524933872543	0.000684360922198978
219241	1.98451871700005	10.0722711769997	2.75764821700002	16.7004877990004	2.99878917700001	2.677592171	2.57421878900003	2.56257007299997	2.55670599700007	2.556324399	0.00181132564550909	0.000581475921331019	0.000608001818654548	0.000659613221109408	0.00160905881212878	0.00147470844623188	0.00133480644438651	0.00116614358300955	0.000945547743963611	0.000695387645023918
223021	2.01820613000005	10.2421288809997	2.80462595200001	16.9809027590004	3.04994193600001	2.72349178899999	2.61833733800002	2.60658923599996	2.60079264800006	2.600391029	0.00182631907779125	0.000552988024913363	0.000550681938283807	0.000623114058517287	0.0016425864472402	0.00151051749000427	0.00137489952327719	0.0011934545023332	0.000963815965030191	0.000741643722675385
226801	2.05242903500004	10.4113437559996	2.85210896200001	17.2634969300004	3.10147409900001	2.76972169399999	2.66256937700002	2.65077427999997	2.64479651700006	2.64434646200001	0.00173483329045382	0.00055329294242893	0.000541664899460231	0.000588102296700022	0.00156797169133333	0.00143782754974852	0.00128396947265176	0.00111338427069353	0.000895113533629418	0.000694470044437443
230581	2.08721382300004	10.5841761769997	2.900746616	17.5513781660004	3.15408470800001	2.816874128	2.70796054900002	2.69612567699996	2.68992698900007	2.68948211700002	0.00168880778359595	0.000539765438062491	0.000532514638165675	0.000576817418455426	0.00153448112211238	0.00140807856147029	0.00125818051430229	0.00108877847371212	0.000851060045899396	0.000634783208919411
234361	2.12133254200005	10.7568828009997	2.94859431600001	17.8385855620004	3.20604667900002	2.863317622	2.75292760600003	2.74110572399995	2.73476837400007	2.73411454800001	0.00194764181827477	0.000681988666433293	0.000694791943251507	0.000731245939007227	0.00175012736112532	0.001603781804014	0.00143516964773239	0.00123150901016467	0.000981036930940769	0.000760330734591526
238141	2.15528416300005	10.9275468549997	2.996117722	18.1242691820005	3.25751099200002	2.90998865600001	2.79776991800002	2.78577806399996	2.77942826400007	2.77862776300001	0.00162339336373852	0.000513906787443432	0.000528985988720354	0.000559647786351922	0.00149627602103861	0.00136950967032794	0.00122303879612731	0.00105051426041686	0.000831570223500746	0.000616460683696003
241921	2.18920003000005	11.0982184229997	3.04368474599999	18.4051001910004	3.30935311600004	2.95651907600001	2.842569211	2.83034142099994	2.82387711200007	2.82303993600001	0.0016511774044535	0.000586787065853328	0.000580272586106318	0.000644354240842363	0.00153328087897703	0.00141887809771132	0.00129236995437796	0.00113377559582587	0.000944307149902089	0.000715771627585029
245701	2.22342119900006	11.2686711829997	3.091648925	18.6935659660004	3.36150242400005	3.00324560100001	2.88757749599998	2.87522068499993	2.86873348600007	2.86792595100001	0.00160353853891881	0.000482514267839529	0.000500491161904275	0.000539726847322335	0.00146481861500618	0.00133987890063015	0.0011967224637324	0.0010296819572308	0.000810121164472253	0.00055910082036593
249481	2.25885892100007	11.4455573869997	3.14111976300002	18.9874672630004	3.41531852800005	3.05155905299999	2.93411524299999	2.92159925099993	2.91480911200007	2.91379006700001	0.00156496113743993	0.000497834144874902	0.000504437788354851	0.000545333939161732	0.00142973479375372	0.00131087559512816	0.00116856417538633	0.000998165666575012	0.000803456286569548	0.000560953363327686
253261	2.29385484400006	11.6204546019997	3.19013111000002	19.2797598720004	3.46852761600005	3.09934958899999	2.98003260099999	2.96719956499991	2.96032823700007	2.95947728900001	0.00160289692943751	0.000545323936124007	0.000590832980495522	0.000624624867339613	0.00149690243261848	0.00139811916131471	0.00128077906235648	0.00109675337986377	0.000932281008709135	0.000704026868532943
257041	2.32886119600006	11.7968290019998	3.23892807800001	19.5768806440004	3.52165766900005	3.14691134500001	3.02624820599998	3.01293402099991	3.00612526500007	3.005096899	0.00151765596755369	0.000478714411157194	0.000471214894577035	0.000521233966307973	0.00139890362419982	0.00127928144411447	0.00114367090186841	0.000949737125823039	0.00077233147642257	0.000556954163075081
260821	2.36461457900005	11.9759497099998	3.288896897	19.8736756980005	3.57614755100005	3.19603243800001	3.07326512999998	3.06004468199991	3.05326533500007	3.052104595	0.00161437611328337	0.000688522201157773	0.000678220159859794	0.000723513522732983	0.00151868149099302	0.00143566935729642	0.0013299192896724	0.00115071199560081	0.00103732924850586	0.000834709453758417
264601	2.39970115100004	12.1524049959998	3.33793038500001	20.1695095980005	3.62962214100005	3.24392237100002	3.11928778699999	3.10596301399991	3.09889507100007	3.09779548500001	0.00147705150143617	0.000455447435485604	0.000452856805920898	0.00050310415634523	0.00136473065566663	0.00124049631630237	0.00110461885286749	0.00092579032926869	0.00075192366702893	0.0005633301294947
268381	2.43357904100004	12.3223877249997	3.38502598200001	20.4491706350005	3.68079698000004	3.28965801900001	3.16355564799998	3.14994319799991	3.14312197100007	3.14198601500001	0.00149424822479605	0.000456069577102089	0.000471818759968026	0.000497409418179739	0.0013815049018169	0.00125655440137256	0.0011181760705219	0.000926746740242797	0.000742754144268752	0.000535356283761153
272161	2.46762098700005	12.4919557509998	3.43247025500001	20.7301132610005	3.73242408500004	3.33601297500002	3.20820732299998	3.19447919399992	3.18760991200008	3.18633924200002	0.00143352704081773	0.000412552523056038	0.000433459808981016	0.000471332709357482	0.00132806929919222	0.00120496052703173	0.00107462963667379	0.000879869289262353	0.00071997264612694	0.000508426637323522
275941	2.50280114500006	12.6698768929998	3.482342767	21.0305124130006	3.78646165700004	3.384071427	3.25470370899998	3.24091055999992	3.23376269600008	3.23262257400001	0.00148081812237491	0.000438245481610912	0.00044127852025403	0.000477916784630188	0.00137408342330281	0.0012464765638185	0.00110108618152302	0.000897684585804865	0.000717116886323509	0.000507666206443117
279721	2.53816533900005	12.8469380459998	3.53235182799999	21.3294752740006	3.84076527700005	3.432798488	3.30147313699997	3.28783131399992	3.28074073000007	3.27941702100001	0.00145751115877434	0.000433743522399332	0.00044188275473059	0.000467937659266178	0.00135021314601968	0.00122171986249478	0.00108203057632786	0.000868794658853081	0.000677656153185068	0.000513884804184244
283501	2.57364534900004	13.0231896609998	3.58144906299999	21.6249615580005	3.89412851000005	3.48077368800001	3.34795737899997	3.3337954019999	3.32677141000006	3.32544152000001	0.00145506196692561	0.00045342432274802	0.000475821844615825	0.000493267786635263	0.00135592543912493	0.00124117727428467	0.00110630378399508	0.000923254286971544	0.000707148462791226	0.00055852284902016
287281	2.60894276200005	13.1993933799998	3.63129032799999	21.9151563030006	3.94784551900005	3.528378295	3.39422334799997	3.3796464079999	3.37272134200006	3.37144799	0.00136230420938984	0.000393917559793004	0.000411805795678074	0.000436774697728332	0.00126077182893889	0.00113874738557695	0.000996986560812351	0.000802928684800037	0.000598509785862557	0.000469693279180221
291061	2.64383137900006	13.3748363819998	3.679911225	22.2035616390006	4.00101016000005	3.575886418	3.43996656599997	3.4252868759999	3.41839774700007	3.41700394700002	0.00136429569085829	0.000388555128534248	0.000401100082009731	0.000433299983321349	0.00126055564065876	0.00114123030291782	0.000997540721453314	0.000807391984685935	0.00060503841357207	0.000471199982184142
294841	2.68165976600006	13.5499724849998	3.72906279	22.4957383020005	4.05372130400005	3.62307225999999	3.48560812799995	3.47052531499991	3.46385667200008	3.46233180900002	0.00134222623262809	0.000380692589469522	0.000401248711533548	0.000422642525082361	0.00124519104984185	0.00112991189667989	0.000986288435131543	0.000801286436671626	0.000604150300242798	0.000479899456851784
298621	2.71585206500006	13.7196643599998	3.776817291	22.7782692460006	4.10576793900007	3.66971111299999	3.53040922399994	3.51499397099993	3.50834699100007	3.50687100500002	0.00132694196731631	0.000364638055139632	0.000390012492274035	0.000409477527591187	0.00122842391210433	0.0011073717805904	0.00094811366017496	0.00078803796398955	0.00058015524806185	0.000434166573058756
302401	2.74999550600005	13.8897923599999	3.82440806300001	23.0648803520006	4.15782738000007	3.71638653299998	3.57517138099996	3.55973996599993	3.55294860800007	3.55163087000002	0.00136544949063352	0.000391273571305113	0.000401743506831147	0.00042554123884022	0.00126422840559172	0.00113740466679502	0.000956457508005662	0.000795955035971732	0.000576560850447793	0.000456155063729927
306181	2.78492453600003	14.0633259409999	3.87299599100002	23.3590993430006	4.21055125100008	3.76383259899999	3.62060572399995	3.60531317499993	3.59853279100007	3.59691244500002	0.00130571852657575	0.000356729369394788	0.000389358088236508	0.000425001697153523	0.00120387316758476	0.00108281481931087	0.000916626312355329	0.000766224342776079	0.000551746996582223	0.000429238823659826
309961	2.81920281900004	14.2356198269998	3.92088880600001	23.6392695250005	4.26257386700008	3.81067185400001	3.66549747299996	3.65030688999993	3.64339973400008	3.64172183300001	0.00131543338384059	0.000345804382089288	0.000371382405663197	0.000401557250498434	0.00121607413557676	0.00109281277946125	0.000902386487756157	0.000746225564901339	0.000520266731803964	0.000416454827236974
313741	2.85274932200004	14.4050243839998	3.96807516500001	23.9207779220005	4.31385167300009	3.857008171	3.70986518499995	3.69492794799991	3.68773668500008	3.68591052300001	0.00126702662883636	0.000367503425199866	0.000388672226168202	0.000411920350359453	0.00117158666611331	0.00105709111293802	0.000880636273820321	0.000745957827426786	0.000547337237464202	0.000452285598068228
317521	2.88727758100004	14.5779805269998	4.01645334000001	24.2021604330005	4.36657347200008	3.904202673	3.75529138499994	3.7402119839999	3.73299016900008	3.731221352	0.00125900598161264	0.000348992007460556	0.000359104314284434	0.000379623179039173	0.00115968267770966	0.00104017660655239	0.000870379833011472	0.000743128440042987	0.000518450690035132	0.000414963940214311
321301	2.92098321200005	14.7463397449998	4.06333761600002	24.4810605930005	4.41793821200005	3.95007429200002	3.79962799099995	3.78429733899989	3.77685183000008	3.775236419	0.00123052219836538	0.000342447824992412	0.000348627786594497	0.000373912589892849	0.00112718530950175	0.00100693242658669	0.000832827569172709	0.000703386127799568	0.000502162221473884	0.000412052511654533
325081	2.95563424400006	14.9202213479998	4.11194746	24.7627362460005	4.47080234500005	3.99780892600002	3.84517161899995	3.8295442979999	3.82207764300008	3.82059029799999	0.00124359235782696	0.000353565903203527	0.000358795114164219	0.000399878448084244	0.0011365606739696	0.00101877833923446	0.000828032283547448	0.000700088134611827	0.000504908577281389	0.000392010983455552
328861	2.98995605000005	15.0913996029998	4.15948716899999	25.0433858630005	4.52265893200005	4.04440522900002	3.89006013599996	3.8744338849999	3.86664962500007	3.86525924399998	0.00122991731766346	0.000322324511786066	0.000343138296440009	0.00036295696605976	0.00112662617687826	0.000993943556063907	0.000831090774893449	0.00069909093414515	0.000503684908197281	0.000419314695007354
332641	3.02479745800004	15.2663057649997	4.20860017399998	25.3349382930005	4.57566399500007	4.09173826100003	3.93586484299995	3.9203513549999	3.91212801700007	3.91063129499999	0.00126727865737891	0.000378112757239275	0.000391432876987686	0.00041779653268058	0.00116167971979022	0.00101828903176152	0.000870433843097869	0.000766724406605244	0.000564742108669807	0.000467512325477466
336421	3.05971307300005	15.4412088439997	4.25704116899998	25.6201422960005	4.62844632700007	4.13836283899998	3.98116740499996	3.96541042799989	3.95707224900008	3.95564659499999	0.00121406287353381	0.000332593808091356	0.000347147044019817	0.000357623232839106	0.00110983401683452	0.000960098007044386	0.000819209665719842	0.000708308851555212	0.000499524484128294	0.000417707624135868
340201	3.09497109100005	15.6165578649997	4.30626370299998	25.9148875080004	4.68247742600008	4.186495145	4.02727019899997	4.01174295299988	4.0030832310001	4.00173871799999	0.00122027493251341	0.000308622824950213	0.0003334357487657	0.000354425597200088	0.0011144211745011	0.000959547756773244	0.000804058931148986	0.000679831162836636	0.000483272638793825	0.000393374186425691
343981	3.12964911600005	15.7900985039997	4.35428316299999	26.1985561800004	4.73513286700006	4.23340812999999	4.07249876	4.05705894999988	4.0478139730001	4.04677937099998	0.00122311800118297	0.000328459339088453	0.000345774889913483	0.000357171070102004	0.00111037609166746	0.000954277631353406	0.000805267962400496	0.000675611230013772	0.000475122818365779	0.000378103680797985
347761	3.16414652900004	15.9608962939997	4.40213212499997	26.4795832380004	4.78722464500005	4.27985549500002	4.11708862799999	4.10161687699989	4.09229085700008	4.09107996399994	0.00117108595057905	0.000314803810460827	0.000330771510230326	0.000330324224740435	0.00106216663725635	0.000910713194784435	0.000770967457762803	0.000655916607994429	0.000456564794734901	0.000385033851920742
351541	3.19903246300006	16.1355925839997	4.450591302	26.7710901980004	4.84009656100007	4.327078943	4.16270020799998	4.14689268199988	4.1375200620001	4.13623433699998	0.00118246229381135	0.000338255640675717	0.000341084551344364	0.000380634221637364	0.00106993826376068	0.000915022540797833	0.000779351712024288	0.000657026503208914	0.000498354941867749	0.000422876244513644
355321	3.23338617800006	16.3094946329996	4.49873083799999	27.0548041880003	4.89226709700008	4.37383891900001	4.20790522399997	4.19230108199986	4.1825158720001	4.18120141299999	0.00133624294441346	0.000388172541045776	0.000446305950742363	0.000455876641901527	0.00122827913789122	0.00107767929008601	0.000920949503021401	0.000750936631823393	0.000540576259603839	0.000441844103513051
359101	3.26782484800006	16.4821827799997	4.54702358799999	27.3373869260003	4.94460506900009	4.421076298	4.25319799799997	4.23744741599984	4.22784932300011	4.22625803299998	0.00110930253239356	0.000290471891747754	0.000320038331261562	0.000332094636539328	0.00100314471855828	0.000848155935814425	0.000708094533517166	0.000559987741095844	0.000441001826689669	0.00037092813291231
362881	3.30222707100006	16.6553391339997	4.59538195299998	27.6225353510004	4.99711919200007	4.468218655	4.29871077399995	4.28285414699985	4.27291930600011	4.27156187399997	0.00115422488461124	0.000318557407094234	0.000335363075338246	0.000370093585734399	0.00103558571364937	0.000897628602179977	0.000761188188291115	0.000611220102646759	0.000473361812916066	0.000389930708542816
366661	3.33717385600006	16.8281014479997	4.64373736099996	27.9079023350003	5.05014010900007	4.51552459399998	4.34429861899991	4.32838676799986	4.31830924100009	4.31692388499998	0.00114204760400577	0.000270887816833628	0.000291594844569267	0.000312287227256615	0.00101290717648857	0.000877361185532453	0.000731151784137112	0.000553889191570423	0.000441095332087501	0.000358416226407561
370441	3.37141419400007	17.0001049469996	4.69199903899996	28.1967768430003	5.10277952800008	4.56253329099996	4.38954458999994	4.37378351499985	4.36346825000007	4.36213549499996	0.00111019872529418	0.000278220857612575	0.000295457147749046	0.000297749408532008	0.000975219257075376	0.000849013397837791	0.000704701963005733	0.000538921251553734	0.000432598226616901	0.000364000119106663
374221	3.40659070900007	17.1754929149996	4.74084922899995	28.4866667930002	5.1558261680001	4.60993104799994	4.43562047099996	4.41931089799985	4.40888354100006	4.40769850599998	0.0010730549714927	0.000261199909770054	0.000285797711300639	0.000270395953661245	0.000937952489206878	0.00081998388536398	0.000686830431084587	0.000515634358246062	0.000415233199425359	0.000333002932283915
