k	rt_srk	rt_esrk	rt_hb_double_inexact	rt_hb_opt_beta	rt_hb_beta_0.1	rt_hb_beta_0.2	rt_hb_beta_0.3	rt_hb_beta_0.4	rt_hb_beta_0.5	rt_hb_beta_0.6	res_srk	res_esrk	res_hb_double_inexact	res_hb_opt_beta	res_hb_beta_0.1	res_hb_beta_0.2	res_hb_beta_0.3	res_hb_beta_0.4	res_hb_beta_0.5	res_hb_beta_0.6
1	0	0	0	0	0	0	0	0	0	0	0.875297819694122	0.785806224873613	0.811914339017732	0.794084083938622	0.865158218961292	0.854660794221203	0.843144317604372	0.827593876254346	0.81626397657507	0.91637459527626
101	0.006449074	0.040510615	0.007009199	0.017539712	0.00479751	0.000953444	0.000913057	0.000841182	0.00344788	0.000791319	0.785735618739705	0.675656623844489	0.662769222441691	0.691903094899752	0.766574528366884	0.741292841748978	0.720011441763537	0.700930094820372	0.702922211825672	0.848751687417893
201	0.007194386	0.042840238	0.008114792	0.022178189	0.005842491	0.001809175	0.001788442	0.00179588	0.00425835300000001	0.001587313	0.700303399673219	0.499921165649994	0.496839139620135	0.482340715830037	0.673572407973514	0.638903247742315	0.599699993229047	0.562478762861437	0.563438708561596	0.814123239603757
301	0.007775142	0.0450823680000001	0.009114075	0.024618578	0.006762931	0.002568582	0.00252231	0.002508215	0.004973895	0.002336202	0.664418439801139	0.41361863847041	0.413780006349159	0.406989106789239	0.635423195329276	0.598962881784597	0.545103400483238	0.50081104703772	0.504147374486539	0.792842653369283
401	0.00884377299999999	0.0500874120000001	0.010811746	0.028751071	0.008382198	0.003923998	0.00386531	0.003810019	0.00619678	0.003600149	0.612814896658657	0.345820953173676	0.343923757818907	0.345344396998475	0.588755673309892	0.551630353152186	0.494086401888711	0.451443911059402	0.450676341595807	0.774997232789988
501	0.00948972599999998	0.0523916540000001	0.011910626	0.031433037	0.009325974	0.004764028	0.004706555	0.004624573	0.007002102	0.00439727599999999	0.529589366843146	0.296859393195334	0.293530639650849	0.304234402662298	0.492469167454091	0.454114909839235	0.41977996917908	0.411135760442814	0.440193275348685	0.762681030808477
601	0.010282389	0.0553852060000001	0.013147161	0.034484891	0.010474076	0.00584766499999999	0.005637434	0.00552827200000001	0.007892545	0.00527303499999999	0.438985127657528	0.286049650053848	0.27837491909397	0.28812780028394	0.402963389336447	0.373593893124001	0.34319251584206	0.333724134115751	0.396745361591303	0.722636522688865
701	0.010973907	0.057068835	0.014233988	0.037567299	0.011467601	0.00671630499999999	0.006448485	0.00630059200000001	0.008700821	0.00606419099999999	0.39555822222989	0.264620008233487	0.268385245521993	0.275597077022661	0.372327762011675	0.355098728059066	0.331155351598598	0.321638052493262	0.38159514260702	0.642487160219016
801	0.011518277	0.058524222	0.015172088	0.0399009370000001	0.012278339	0.00743324299999999	0.007137739	0.00713810900000001	0.00943523499999999	0.00674737099999998	0.390627540192657	0.264691203648273	0.267764490261792	0.274017424153244	0.368543816827682	0.350316074460917	0.320930558127907	0.304711802068945	0.360098444786237	0.593308428009444
901	0.012046461	0.0592517960000001	0.016099406	0.042233265	0.013060323	0.00814292199999999	0.007835473	0.00782644400000001	0.010140582	0.00746694699999999	0.35356349667369	0.261884788881927	0.264343549471193	0.270237500833085	0.344339779797095	0.339263404939925	0.316688341905206	0.293852619119108	0.348662487322019	0.571706234348733
1001	0.012653505	0.0605697620000001	0.017145098	0.044818837	0.013993343	0.00893832499999998	0.008578771	0.00862461800000001	0.010888162	0.00821229999999999	0.287741566493103	0.211911417253532	0.207522271035665	0.206350764513554	0.269827469939458	0.265623918736839	0.25672409251011	0.24865149801603	0.325800271200944	0.52947848643386
1101	0.013573073	0.0628828250000001	0.018619774	0.048280009	0.015267912	0.00996459299999999	0.00955592899999999	0.00958567700000001	0.011860713	0.00917413099999999	0.26494970128306	0.0354332647767884	0.0170258128203724	0.0140006813664565	0.237344409761595	0.215302771323046	0.182082244850868	0.140891426107013	0.240051206492918	0.500470532987989
1201	0.014151458	0.0639541470000001	0.019607198	0.05048077	0.016091063	0.010693751	0.01027197	0.010294102	0.012586836	0.00988243999999999	0.167758412158388	0.0216458227557859	0.0147994676232828	0.0146522821091547	0.156166797069826	0.152796513921151	0.138274225915985	0.109079860955235	0.217546902840442	0.570920626146067
1301	0.014865279	0.0654892720000001	0.020835137	0.05352838	0.017110575	0.011705781	0.011135244	0.011151268	0.013430494	0.01071497	0.1385960296731	0.00842423397866384	0.00843759071025135	0.006092937885131	0.11510533352502	0.105164451680607	0.109118378823637	0.0992529830702817	0.16841244564943	0.502298975788036
1401	0.015720531	0.0673229060000001	0.022404729	0.0569243880000001	0.018232689	0.012676485	0.012068736	0.012086412	0.014412554	0.011645054	0.124449343819892	0.00665822350738142	0.00733180297167979	0.00457300982775804	0.100903169544072	0.0875625040691413	0.0900391475258559	0.0805985322464333	0.162955974362841	0.619350280004388
1501	0.016509888	0.0692170790000001	0.023744714	0.0599179900000001	0.019329565	0.013691988	0.012935158	0.013051308	0.01534465	0.012514537	0.118579739684847	0.0064719853501723	0.0068418360991222	0.00666622512268567	0.0960913598484062	0.0712160979339283	0.0692980610329408	0.0738332325338802	0.160718534300555	0.626034833579696
1601	0.017625287	0.0718591390000001	0.025394597	0.0642864400000001	0.020772624	0.014871967	0.014216336	0.014237575	0.01649301	0.013667561	0.101024666601111	0.00534765840560034	0.00467941574421873	0.00441446460111604	0.0885294670758362	0.0677135442843376	0.0600686133405484	0.0636870570676737	0.159494002720813	0.627598962214048
1701	0.018359408	0.07371842	0.02669457	0.0673592490000001	0.021889609	0.015823751	0.015112234	0.015186533	0.017404327	0.01460836	0.0829947283187527	0.00472647664994269	0.00406673394239943	0.00378818643688254	0.0737802845069719	0.0521951413319833	0.0367574292175442	0.0449685343199803	0.156306541815781	0.63907240445531
1801	0.019131541	0.07552209	0.028028816	0.0704567510000001	0.023016516	0.016797955	0.016069281	0.016156667	0.018347468	0.015585404	0.080487316003062	0.00438410519971595	0.00337761654875137	0.00310746452138094	0.0717465866491926	0.0498972168458131	0.0353664784386348	0.0426984443983444	0.153642762716692	0.682800349476142
1901	0.019888321	0.077410182	0.029439048	0.073812559	0.024131534	0.01783689	0.017000837	0.017082488	0.019347967	0.016522475	0.0784228348729215	0.00452334856742541	0.00321373841259677	0.00300434889064901	0.0700096555654246	0.0455746897173372	0.0281579923707556	0.0319978869478884	0.151644062593688	0.693096541770688
2001	0.020656984	0.0786936090000001	0.030709451	0.076888648	0.025215032	0.018793892	0.017937982	0.018022435	0.02027708	0.017450193	0.0774144809060315	0.00411731176732487	0.00311103280614312	0.00288213724980493	0.0693793096544554	0.0424971793548258	0.025732386608485	0.030975679876201	0.150815353149807	0.710569863182406
2101	0.021401481	0.080151812	0.0319846660000001	0.080104413	0.026308108	0.019766087	0.018881266	0.018965899	0.021263615	0.018409465	0.0760138412099908	0.0030930097718861	0.000282656515702363	0.000168880163717521	0.0687784389626525	0.041652751650188	0.0193611599602703	0.0281433226449359	0.14808281139251	0.605834093018989
2201	0.022172699	0.0817371	0.0333445000000001	0.083456085	0.027466471	0.02075631	0.019835397	0.019967516	0.022226687	0.019329142	0.0741777143009686	0.0030184991116598	0.000223311197978941	0.000168777128472481	0.0676224309246906	0.0363104834967442	0.0175534609165898	0.0267537172258427	0.143669743101183	0.546989031540799
2301	0.022944702	0.083211813	0.0346359230000001	0.086704062	0.028549542	0.021717705	0.02077954	0.020902365	0.023200128	0.020666585	0.0643368373049172	0.00285097189483522	0.000113669470367163	9.87372856667781e-05	0.0377064252846073	0.0173661593045905	0.0128743968632908	0.0209417356477165	0.139859158156581	0.559801740122874
2401	0.023829653	0.084680776	0.0362386350000001	0.090573388	0.029914864	0.022918501	0.021932239	0.022128439	0.024342125	0.021718182	0.0636727629764896	0.00231852548079981	0.000113278316648348	0.000142623195725409	0.0342435221216367	0.0159441492788412	0.0123734021899075	0.0200075039990115	0.13667455993729	0.577413533240917
2501	0.024582706	0.085954868	0.0374734070000001	0.093563767	0.031014151	0.02388513	0.022892208	0.023106996	0.025273757	0.0226476479999999	0.0562307493612822	0.00189814709937766	9.91020991200717e-05	9.79872318982481e-05	0.0272368724088573	0.014479866624468	0.00970448741872854	0.0183912736431414	0.136190425469456	0.579873653180794
2601	0.025404909	0.0873643269999999	0.0387491960000002	0.096803779	0.032179937	0.024904174	0.023878352	0.024082403	0.026255209	0.0236178829999999	0.0531738638043333	0.00181493397065036	9.09393032931305e-05	7.17180194763315e-05	0.025070652815395	0.0139564902900356	0.00899078620817952	0.0126162062032267	0.132079509748369	0.612447231040505
2701	0.026114314	0.0887125869999999	0.0399393140000002	0.0997489619999999	0.03322599	0.025862496	0.02478663	0.024994445	0.027164409	0.024529738	0.0356959351429611	0.00197163948061122	8.22574583519426e-05	5.24776310359311e-05	0.0196724422498568	0.0125351725048329	0.00785410653506555	0.0116219674741182	0.131735290882762	0.590128395853782
2801	0.026843406	0.090023856	0.0411267400000001	0.102846975	0.034318382	0.026841529	0.025728118	0.025918112	0.028081807	0.0254552939999999	0.0347093038048892	0.00183031307423018	8.20032467668046e-05	0.00122029075211361	0.017777621018284	0.0110131944539773	0.00695941127320508	0.0112047305989961	0.130480814400916	0.584805488317703
2901	0.027638057	0.091798091	0.0423393200000001	0.10574897	0.035401597	0.027795899	0.026634345	0.026811656	0.028974957	0.0263851999999999	0.0272616424363204	0.00149542422113937	1.17901110391036e-05	0.00115835752307154	0.0155545969922059	0.0104458944882626	0.00620869227662033	0.0100661747212873	0.12979836829101	0.622677078320742
3001	0.028351408	0.093070162	0.0434790950000001	0.108655931	0.03644441	0.028769983	0.027521483	0.027715497	0.029872463	0.0272935619999999	0.0253111932237157	0.00154996238658402	1.25909065049058e-05	3.5829691268319e-05	0.0147540992766382	0.00993780573965035	0.00588142893005554	0.00983245756668154	0.128714508731227	0.627143764990621
3101	0.029215544	0.09426472	0.0447785850000001	0.112386597	0.037749578	0.029796922	0.028470531	0.028714563	0.030818306	0.0283060759999999	0.0183804757911794	0.0013671999882264	7.57671017050879e-06	3.35880664729971e-05	0.0130444169267994	0.00900638942287101	0.00529994030698381	0.00968434529303873	0.128528300489585	0.494157793668919
3201	0.029954522	0.095722304	0.0459518120000001	0.115425363	0.038809039	0.030753674	0.0293964770000001	0.029662775	0.031745196	0.029226421	0.0170464809282732	0.00147420852294003	3.33263898976805e-06	3.5568665688008e-05	0.0116798849699829	0.00813487044329065	0.00472796237842856	0.00916535225395666	0.126882649345859	0.553686440175333
3301	0.030919573	0.098072053	0.0473719540000001	0.119092645	0.040047523	0.0319396349999999	0.0304784490000001	0.030739429	0.032838317	0.030249499	0.0160479719194004	0.00120789295965766	2.5252480498853e-06	2.43488996091197e-05	0.0108977581527972	0.0075928033272812	0.00428557979292979	0.00650617010513497	0.125074752310893	0.555999050100056
3401	0.031641349	0.099740082	0.0485699940000001	0.122225945	0.041134038	0.0329389969999999	0.0314222870000001	0.031691976	0.033780891	0.031230652	0.0154467131067328	0.00132699773915398	1.10025333626055e-06	2.45595073244448e-05	0.010476359891884	0.00725288569432156	0.00405455134727175	0.00632889410529998	0.124377649771207	0.531899371596052
3501	0.032385587	0.100905356	0.049765728	0.125341131	0.042205106	0.0340090219999999	0.0323932880000001	0.032656749	0.034716248	0.032170181	0.0146708340502654	0.00150942310820911	8.74069281247463e-07	1.58594855706859e-05	0.00988724714062272	0.00693207073948451	0.0038959610523367	0.00471313206402732	0.120523175171614	0.640572098969501
3601	0.033124098	0.101804035	0.050959902	0.128372939	0.043252789	0.0349468779999999	0.0333149880000001	0.03359177	0.035628754	0.03307361	0.0135454378334491	0.00138150721781756	3.88278260464427e-07	1.43881058578608e-05	0.00872566876920809	0.00599337654438656	0.00332280061782275	0.00389580913740553	0.11979123853995	0.658633356624985
3701	0.033804642	0.103101511	0.052075781	0.131190908	0.044294279	0.0358680459999999	0.0342278410000001	0.03447945	0.036513205	0.033953607	0.00989222710710477	0.00111603849793553	4.1646163933017e-07	1.00199473604576e-05	0.00702563734817253	0.00470091733484587	0.0025124610201415	0.00279019903682703	0.118650445905391	0.682693019998677
3801	0.034494209	0.104287615	0.053219079	0.134221372	0.0453237369999999	0.0368012489999999	0.0351397520000001	0.03539816	0.0374322550000001	0.034862936	0.00897039697045706	0.000951636208701535	4.20744815837785e-07	3.28687978856805e-05	0.00641235978369648	0.00425886749527029	0.00224275529377813	0.0026306712365319	0.117005397040235	0.73297891325331
3901	0.035185322	0.105619581	0.054344663	0.13729419	0.046383449	0.037726694	0.0360590000000001	0.036307145	0.0383273210000001	0.035771984	0.00783728874015377	0.000766907518862109	4.20459933270414e-07	4.43535218500463e-05	0.00560170579891311	0.00366331738617812	0.00190006338450696	0.00249039751698449	0.114465970591969	0.650211628534077
4001	0.035896907	0.106547635	0.05549284	0.140277589	0.047471193	0.038656705	0.0370346930000001	0.037222421	0.0392462490000001	0.036704672	0.00688004441880568	0.000754178398004581	3.93321167658906e-07	0.000188595523657126	0.0048962605697992	0.00314516411119072	0.00156965619365614	0.00240508189014086	0.113051780894628	0.589122245838255
4101	0.036556241	0.107584746	0.056600821	0.142993263	0.048463581	0.039555732	0.0379295190000001	0.038093603	0.040121508	0.037570597	0.00647264632934068	0.000600104789220063	1.1461792643239e-06	6.5189291264905e-05	0.00440546648353	0.00272717751938134	0.00132981447916363	0.00235528637118875	0.112997015259219	0.597022220830183
4201	0.037243575	0.108420569	0.057726367	0.145939822	0.049473961	0.040470592	0.0388218230000001	0.038985163	0.0410630110000001	0.0384832559999999	0.00635681512030263	0.000459269293168492	1.03233387140703e-06	9.69035407724188e-06	0.00436279819807912	0.00271681324171753	0.00132991503141387	0.00177586671471138	0.112248003730084	0.594121556580196
4301	0.038064324	0.109895011	0.05898489	0.149149954	0.050614379	0.041422152	0.039831319	0.039901829	0.0420159900000001	0.039385781	0.00620005272917026	0.000419831870860913	3.48724641941282e-07	1.58368160098693e-05	0.00423226872563532	0.00261500496908794	0.0012733311545095	0.0017814861487201	0.111285759174666	0.573188082883335
4401	0.038755585	0.111165119	0.0600977	0.152045395	0.051669066	0.04233653	0.040754025	0.040808448	0.0428985780000001	0.040307233	0.00556514409564564	0.000433322668529701	3.09798061501984e-07	3.75770967943631e-06	0.00368852947593957	0.00219386519290242	0.0010164949570977	0.00169114054589437	0.109964474412066	0.600252723060683
4501	0.039436151	0.112469229	0.061193652	0.154841781999999	0.052689646	0.043255727	0.041644527	0.041690941	0.0437756980000001	0.041193667	0.00463543309823549	0.000409260933274154	2.82413736065717e-07	3.85590189317712e-06	0.00309027693868569	0.00185160523019951	0.000866621642786185	0.001609254509962	0.10990339561255	0.669133566947024
4601	0.040327959	0.113778853	0.0626442449999999	0.158829599999999	0.053930073	0.044548036	0.042690508	0.0427998769999999	0.0448455660000001	0.042172483	0.00437276805373352	0.000421380356629772	6.53184305799847e-07	9.34344781911104e-06	0.00286608543591976	0.00167438992676499	0.000756304421439667	0.00157145178513212	0.109417221747042	0.61563702933972
4701	0.041070816	0.114732043	0.0638308059999999	0.162019211999999	0.0549831030000001	0.045487056	0.043656109	0.0437037269999999	0.0457497280000001	0.043081962	0.00425745323818804	0.000423160743506229	6.2474563079548e-07	8.4960095234608e-06	0.0027882598285402	0.00163782567993725	0.000744112934670925	0.00137989985798786	0.109063350682456	0.625699499325873
4801	0.041820383	0.115879712	0.0650549719999999	0.165198589999999	0.056066792	0.04647173	0.044628402	0.044665814	0.0467228070000001	0.044030188	0.00377891981024475	0.000402676362400847	6.22763717289632e-07	1.03913946580854e-05	0.00245123166059264	0.00140512448422712	0.000614400830613049	0.000894357732218008	0.108309057945809	0.635688811883073
4901	0.042534237	0.116916815	0.0662647779999999	0.168279865999999	0.0571281300000001	0.047431756	0.04556753	0.045606939	0.0476487740000001	0.0449703	0.00376493390249995	0.000395780903168708	7.08347992852446e-07	8.54816391358266e-06	0.00243092727255613	0.00138846871663706	0.00060320212155682	0.000751312935841815	0.106166503195701	0.602338769062547
5001	0.043273531	0.117914824	0.0674639199999999	0.171337566999999	0.058179523	0.04837137	0.046530101	0.046533764	0.048562529	0.045897805	0.00305592489817687	0.000397698777250302	6.28788062823359e-07	8.84241143967841e-06	0.00195326638566475	0.00110628830724048	0.00047994903507493	0.000737037870394155	0.106021387556516	0.598764369516931
5101	0.0439727320000001	0.118890791	0.0685914709999999	0.174398858999999	0.0592017320000001	0.0492983359999999	0.047440628	0.047441659	0.049459578	0.046789051	0.00295383152338282	0.000388367419876561	6.39424754126527e-07	7.62339461038395e-05	0.00187361128194287	0.00103958745977285	0.00043123865417188	0.000693484555747857	0.102808749932071	0.644526569507149
5201	0.0446963010000001	0.119694785	0.0697667839999999	0.177549992999999	0.0602200660000001	0.0502606129999999	0.048362477	0.048356884	0.050363642	0.04768683	0.00281109284073333	0.000266146412819243	1.63083943276319e-07	3.96956744030511e-05	0.00177229027010781	0.0009782581500702	0.000407470599175304	0.000553207056690437	0.10149435016776	0.645814918911107
5301	0.0453449230000001	0.120773624	0.070868101	0.180213658999999	0.0611975160000001	0.0511552319999999	0.049243875	0.049239368	0.051243063	0.048561592	0.00263462400305195	0.000248926777843185	2.82435799052308e-07	4.08595831135169e-05	0.00167003458783262	0.000931288188406055	0.000395031420314226	0.000508291672916911	0.101024967197483	0.63601499329173
5401	0.0460079560000001	0.122017468	0.072004474	0.183034918999999	0.0621973910000001	0.0520697979999999	0.050135348	0.050134262	0.052131297	0.049454774	0.00232320566078407	0.000267843137448959	2.80895540655973e-07	3.89122395175946e-05	0.00144050923036011	0.000781018465283226	0.00031766926577202	0.000492352703841928	0.101202480677846	0.625591023526491
5501	0.0466533630000001	0.122998901	0.0730915279999999	0.185705311999999	0.0631821170000001	0.0529682549999999	0.051013668	0.051011016	0.05301418	0.050324447	0.00226306679664086	0.000261273196120129	8.89377738481756e-07	3.88747838401189e-05	0.00140321147908295	0.000761653123980595	0.000311590883436263	0.000481812384515035	0.099497761031634	0.608437548402499
5601	0.0472982270000001	0.123950869	0.0741912189999999	0.188474230999999	0.0641601020000001	0.0538869739999999	0.051892849	0.051888833	0.053883168	0.051191495	0.00206738281063821	8.06568121093448e-05	2.92370093891789e-07	3.88824487524715e-05	0.00126631655998834	0.000686028397650667	0.000285800573405628	0.000479688546976185	0.0989305937734511	0.617808471987427
5701	0.0479929460000001	0.124749997	0.0752936959999999	0.191341569999999	0.0651544260000001	0.0548255239999999	0.0527927840000001	0.052770237	0.054757848	0.052071853	0.0017718959913596	6.4926047634282e-05	2.54908607629961e-07	1.32085136067587e-05	0.00108044298499142	0.000584369307934367	0.00024637942218262	0.000475926103865282	0.0989241154713398	0.615244885609975
5801	0.0486402880000001	0.125815828	0.076377437	0.194051848999999	0.06618336	0.0557043039999999	0.0536477390000001	0.053625355	0.055601356	0.052915641	0.00172160638685235	5.20874152607715e-05	2.88279592354876e-07	0.000209404952186206	0.00104745095781736	0.000565613102720836	0.000238486093556383	0.000387398402617535	0.0941022652251596	0.620740717133501
5901	0.0492859830000001	0.126831376	0.07743601	0.196596502999999	0.067137465	0.0565938889999999	0.0544921390000001	0.054455221	0.056426495	0.053746483	0.00166396006331468	4.98131189867561e-05	2.64558554471736e-07	6.00252138027587e-06	0.00100114634425597	0.000529673946573685	0.000217391256784365	0.000383405900175305	0.0958574443857055	0.640834226425325
6001	0.0498892710000001	0.1275286	0.0784409279999999	0.199076910999999	0.068046884	0.0574356219999999	0.0553120630000001	0.055262397	0.057228663	0.05455156	0.00153558315572891	4.96540336787897e-05	2.55884778338222e-07	5.25834106868577e-06	0.000897258509972587	0.0004543142258661	0.000178179528694373	0.000343895417754394	0.093730151121629	0.692384391218973
6101	0.0506354380000001	0.128623215	0.079670777	0.201959196999999	0.069139265	0.0584309589999998	0.0561666740000001	0.056103882	0.058043133	0.055340378	0.00143778660665374	4.84320086954949e-05	7.21386824730426e-07	1.26728048401408e-05	0.000849532549773264	0.000427684926358156	0.00016384977231723	0.000328574330950786	0.0942875265559116	0.602795361693518
6201	0.0511959560000001	0.129685866	0.0806803549999998	0.204296404999999	0.069977308	0.0592232309999998	0.0568695010000001	0.056858532	0.058735001	0.056026227	0.00137199080137437	4.64067264737534e-05	6.40176530240754e-07	5.49255873969287e-06	0.00079569834865641	0.000393201167969438	0.000143599588052712	0.00023375251052381	0.0939963552668982	0.487010269954327
6301	0.0517521990000001	0.130810348	0.0816195739999998	0.206696054999999	0.07087312	0.0599996169999998	0.0576093530000001	0.057591861	0.059499808	0.056763245	0.00138278801344504	3.22178671808599e-05	6.37895711334391e-07	1.17529162913583e-05	0.000804090423836954	0.000398807622631305	0.000146372810906279	0.000219113737514254	0.0921764093354676	0.520324746655452
6401	0.0523337020000001	0.13163738	0.0825599699999998	0.209178359999999	0.071708851	0.0608111479999998	0.0583510590000001	0.058320813	0.060264046	0.0574955079999999	0.00138685700734103	2.51089189935624e-05	6.45965247551772e-07	5.09937019511927e-06	0.000797809921169813	0.000396770286466788	0.000146226037562002	0.000211254170412625	0.0913499043038958	0.52361476417249
6501	0.0528995710000001	0.132676949	0.0835496049999998	0.211710568999999	0.072826409	0.0616630889999998	0.0592394780000001	0.059151968	0.061051513	0.05825365	0.00139763573541493	2.80794204709067e-05	5.0843644799141e-07	5.16247449191734e-06	0.000800622282189925	0.000398695317794684	0.000147129637495679	0.00020795838170836	0.0907071533879879	0.526024175598024
6601	0.0535499550000001	0.13381988	0.0845909129999998	0.214365069999999	0.0737613960000001	0.0624711789999998	0.0600286550000001	0.059940474	0.061861427	0.0591205889999999	0.00142566807383433	1.73298413922709e-05	1.26160810386752e-07	2.14999883225961e-05	0.000819818066869917	0.000410490420982406	0.00015225011148405	0.000206691546012144	0.0866430729548355	0.472334683829661
6701	0.0542119590000001	0.135157966	0.0855789489999998	0.216975529999999	0.074656674	0.0633527119999999	0.0608043300000001	0.06076717	0.062636763	0.0598850579999999	0.000957411826189252	1.30815194252542e-05	1.74049657978372e-07	0.000156831818726485	0.000535409450344162	0.000259131135013802	9.44697340267913e-05	0.000202912670450818	0.0865680579564314	0.506167330157404
6801	0.0547772520000001	0.136313839	0.0866079039999998	0.219526886999999	0.075494482	0.0641019489999998	0.0615401670000001	0.061495218	0.0633849110000001	0.0606062099999999	0.00088802719576784	1.16477256112617e-05	1.58201485698929e-07	7.57663710999187e-06	0.000501222474886776	0.000249394161091494	9.33187850500051e-05	0.000142268862118456	0.0852741612003741	0.572326918362512
6901	0.0553942420000001	0.13774413	0.0876159639999998	0.222200314999999	0.076417765	0.0649011509999997	0.0623147900000001	0.062363167	0.064195025	0.061382747	0.000834299593586562	1.07834434508839e-05	1.77836038958775e-07	0.000573102554540022	0.000461638849790011	0.000230018793716801	8.7248167756221e-05	0.000131344739469271	0.083780946588642	0.566441700447621
7001	0.0559757500000001	0.138692884	0.0885840229999997	0.224704747999999	0.077317497	0.0656953619999998	0.0630941490000001	0.063153529	0.06497623	0.062150168	0.000721909940486737	1.15516159394552e-05	3.28172577474679e-07	0.000752838792742312	0.000381315062317184	0.000178368403386068	6.22907618449605e-05	0.000124959446687944	0.0807688040338392	0.380100337941169
7101	0.0565018320000001	0.139435586	0.0894840619999998	0.226852264	0.07811732	0.0664388929999998	0.0638209120000001	0.0638748109999999	0.0656937479999999	0.062866348	0.000688610159579479	9.64572069355431e-06	3.30907605777384e-07	0.000751750828593815	0.000359635046595792	0.000165465418707295	5.65149135142437e-05	0.000116210672383571	0.0791468744226917	0.347363252834486
7201	0.0570230520000001	0.140166127	0.0903764269999997	0.228924677999999	0.078930275	0.0671804989999998	0.0645488720000001	0.0646021529999998	0.0664132209999999	0.063584968	0.000661909970336445	7.51597746302349e-06	4.30625876538021e-07	0.000483345430509855	0.000341551475269923	0.000153949646934288	5.07527747299259e-05	0.000114679798191018	0.0785329163491348	0.376065443757208
7301	0.0575963800000001	0.141052285	0.0912846619999998	0.231121078999999	0.079748661	0.0679620189999998	0.0652736030000001	0.0653255769999998	0.067129739	0.064304516	0.000669393965486589	6.76625182144505e-06	9.99769020606047e-07	0.000464685856415295	0.000345902897358413	0.000157715570419094	5.23264800536398e-05	0.000111365893444609	0.0765227525351854	0.379205219897054
7401	0.0581136820000001	0.142079044	0.0921540759999998	0.233297388999999	0.0805392530000001	0.0686792389999998	0.0659914840000001	0.0660272129999999	0.067925366	0.06499391	0.000583051320583208	6.66204607675178e-06	5.71382372222544e-07	0.000423343557538952	0.00029067131621495	0.000128090545814479	4.09333532204946e-05	0.000110688309060509	0.0753585195189826	0.399401739852987
7501	0.0586655550000001	0.14296454	0.0930582669999998	0.235627657999999	0.0813602740000001	0.0694500569999998	0.066721866	0.0667477179999999	0.068642512	0.065719894	0.000588964588805613	6.73578295963746e-06	5.34511694362722e-07	0.000812028282402608	0.000295435821430277	0.000130234579377406	4.13336077889941e-05	5.14565742756856e-05	0.075199535193804	0.459302168810755
7601	0.0595113840000002	0.144417957	0.0943445679999998	0.239197596	0.0825601680000001	0.0705226969999999	0.067687801	0.0676884219999998	0.069629606	0.0666826700000001	0.0005700976339008	5.94248647953663e-06	5.1652789337299e-07	0.000812011515989672	0.000285621288151464	0.000125686114237064	3.99535379717236e-05	4.55842450324877e-05	0.0748042431826354	0.432182611080817
7701	0.0604428900000002	0.145923438	0.0957393459999997	0.242881007	0.0838685820000001	0.0716052829999999	0.068709038	0.0686920429999999	0.0706020269999999	0.0676219900000001	0.000510797696427288	5.94248647953663e-06	8.31961289355171e-07	0.00081115477269978	0.000253443293069486	0.000110974835773392	3.51804713355158e-05	4.31933928246204e-05	0.0745032795221578	0.522749652622061
7801	0.0611070200000001	0.146878146	0.0968474779999998	0.245620346	0.0848617020000001	0.07252876	0.069595907	0.0695626289999998	0.0714613979999999	0.0684782690000001	0.000477426800341712	5.80218760843622e-06	5.04353360338776e-07	9.4053545618629e-06	0.000233152068864221	0.000100533832018719	3.11622185303612e-05	4.18451592014347e-05	0.0742692163009084	0.493326596904495
7901	0.0618025500000002	0.148035173	0.0980208389999998	0.248469526	0.085896759	0.073470546	0.07050492	0.0704741809999998	0.0723681809999999	0.0693866750000002	0.00042568049552919	3.21417719882341e-06	1.36820432723367e-07	1.03637811782864e-05	0.000200236340552338	8.40137698864764e-05	2.48432393614953e-05	4.09994991924309e-05	0.0710996315192459	0.496508171368967
8001	0.0625797420000002	0.149451217	0.0992477739999998	0.251466039	0.087010462	0.074475998	0.071464763	0.0715892829999998	0.0733561179999999	0.0703366230000002	0.000424003408379287	3.60378824216001e-06	1.10962354507877e-07	8.70243550765108e-06	0.000197300129327916	8.26514396783532e-05	2.440131509372e-05	4.0319621511719e-05	0.0709328892515869	0.458519182869131
8101	0.0632792850000002	0.150481277	0.100396231	0.254570211	0.088049894	0.075427869	0.0723931179999999	0.0725134829999998	0.074280768	0.0712597230000001	0.000392825671345727	2.90773522713504e-06	1.71968631009707e-07	8.33158494888606e-06	0.000177432041812696	7.31653518734109e-05	2.12474382609352e-05	2.57357160080498e-05	0.0707574532226908	0.471177223030676
8201	0.0639664700000002	0.151572886	0.101538194	0.257397859	0.0890691560000001	0.0763631270000001	0.0733068699999999	0.0734263229999999	0.0751956819999999	0.0721802550000001	0.000376147110398214	1.45956624716181e-06	3.61955769153924e-07	3.21539285217283e-05	0.000169538606680274	6.97500644542875e-05	2.03075159458736e-05	2.56633365624112e-05	0.070123586800005	0.502939541272039
8301	0.0646980540000002	0.152491917000001	0.102765267	0.260372994	0.0901681140000001	0.077364014	0.0742701029999999	0.0744219899999999	0.0761536689999999	0.0731466460000002	0.000352171010402959	1.16560522043964e-06	3.33160385010678e-07	4.99048862914748e-06	0.00016160034031722	6.67271111599105e-05	1.96399062449206e-05	2.56119607021331e-05	0.0700473915299252	0.489444111060821
8401	0.0653926050000002	0.153439499000001	0.103939434	0.263100971	0.091190181	0.078311477	0.0752170169999999	0.075333601	0.0770682969999999	0.0740632220000002	0.000343714390452035	9.10250497303388e-07	3.24752160075116e-07	6.97012576647295e-07	0.000155998676876047	6.3698849370938e-05	1.83543699653778e-05	2.5238746103257e-05	0.0700024252190464	0.484617467523921
8501	0.0660563030000002	0.154220083000001	0.105084845	0.266000662	0.092187595	0.0792338830000001	0.0761153469999999	0.076226459	0.0779636579999999	0.0749614730000002	0.000315361282011074	8.39096397922733e-07	3.38951010809929e-07	1.2595832333959e-06	0.000139609709197505	5.60640432101119e-05	1.57709169630726e-05	2.5001739735516e-05	0.068826618334593	0.529767238716531
8601	0.0666790820000003	0.155013710000001	0.106151976	0.268746239	0.0931351900000001	0.080105743	0.0769740759999999	0.077080612	0.0788395359999999	0.0758230100000002	0.000286744610025639	4.51389691591985e-07	1.50399717552877e-07	7.280364366185e-07	0.000124960565790267	5.05013767814075e-05	1.44616385356257e-05	2.4980585831642e-05	0.0688293246926397	0.53714931110857
8701	0.0672603720000002	0.155840767000001	0.107192359	0.271284696	0.0940088740000001	0.0808975680000001	0.0778014559999998	0.077864025	0.0796525949999998	0.0765985340000002	0.000279628296895385	4.88526215801386e-07	1.29069194645799e-07	9.22748031023813e-07	0.00012323449256061	5.0433377966826e-05	1.46960693434853e-05	2.49255864350118e-05	0.0675829700321922	0.605322666122219
8801	0.0677774340000002	0.156679387000001	0.108085778	0.273474946	0.0947995540000001	0.0816150500000001	0.0785047079999998	0.078562632	0.0803511949999998	0.0772973080000002	0.000255045844076936	3.09136034757366e-07	1.31504128875248e-07	2.04435012273978e-06	0.000107168692737428	4.21322423133594e-05	1.16346898905314e-05	2.48308403679501e-05	0.0674501497729739	0.58608510627246
8901	0.0683217020000002	0.157145722000001	0.108964075	0.275766258	0.0955759220000002	0.0823372530000002	0.0792055889999998	0.079260022	0.0810538799999998	0.0780028140000003	0.000245372453529846	2.75753643559433e-07	4.05190926274986e-07	1.70894112785069e-06	0.000104636015322838	4.08856990386196e-05	1.11725981919729e-05	1.77092459224711e-05	0.0667522896274126	0.55730551581248
9001	0.0688952900000002	0.157946307000001	0.109904991	0.278229465	0.0964203890000001	0.0831155580000002	0.0799632049999998	0.080035235	0.0817999169999997	0.0787487420000002	0.000228882832911511	2.75203801950993e-07	3.33565554250041e-07	0.0153418299910248	9.71097627866058e-05	3.82838094680931e-05	1.05470507525212e-05	1.56066168772749e-05	0.0655682368486479	0.483756771799387
9101	0.0695726760000003	0.158740216000001	0.110951594	0.281010377000001	0.0974120610000002	0.0840439310000002	0.0808951679999998	0.080851529	0.0826108479999998	0.0795846750000002	0.000223184566820076	2.75445998185875e-07	1.51739620697342e-07	1.02445311501532e-05	9.36042738108906e-05	3.65751202007934e-05	9.9245077387158e-06	1.52158929645865e-05	0.0655022579256291	0.532144543430011
9201	0.0703900560000002	0.159616084000001	0.112106414	0.284012134000001	0.0984722350000003	0.0848916020000003	0.0818247379999998	0.081657372	0.0834378059999998	0.0804166880000002	0.000205723489577145	1.52612463756209e-07	1.65039576717826e-07	1.03177451925245e-05	8.30061780920004e-05	3.2035485234788e-05	8.65246419816e-06	1.48241950265533e-05	0.0654713831292918	0.572915909887831
9301	0.0710808160000003	0.160841563	0.113213962	0.286869367000001	0.0995507110000003	0.0858383440000002	0.0827222969999997	0.082532435	0.0842881359999998	0.0812707800000002	0.000186653579475377	1.00725597376624e-07	1.54908438302636e-07	2.53754327568426e-05	7.67274398151304e-05	2.9371967240382e-05	7.82750635568819e-06	1.47667930549311e-05	0.0653783176785015	0.516298109040405
9401	0.0717831180000004	0.161722845000001	0.114365701	0.28966511	0.100591407	0.0868755120000002	0.0836509599999997	0.083445495	0.0851845669999998	0.0821614590000002	0.00017793530716851	1.07904220310809e-07	1.54326111205865e-07	5.02947545523397e-05	7.23587825728794e-05	2.73073878873535e-05	7.10229174640013e-06	6.0439211797128e-06	0.064424122695643	0.511092835331213
9501	0.0724954560000004	0.162980285000001	0.115574485	0.292697196	0.101630291	0.0878728390000002	0.0845729219999997	0.0843590489999999	0.0860885339999998	0.0831108720000002	0.000171988610924781	8.67464511694681e-08	1.55180038372074e-07	4.38135494318822e-05	7.00513499697488e-05	2.67547819276103e-05	7.11741254410849e-06	4.19190169395765e-06	0.0643912803026141	0.485301620080756
9601	0.0731891910000004	0.164083137000001	0.116789073	0.29559047	0.102670592	0.0887997550000002	0.0854778229999997	0.085253222	0.0869738489999998	0.0840521840000002	0.000149341966839037	6.54407911958625e-08	3.45799350120229e-06	1.67688111398033e-05	6.00180950055725e-05	2.2678654063009e-05	5.980037370991e-06	3.86996349906562e-06	0.0642772344951156	0.471576059057192
9701	0.0738384250000003	0.164957533000001	0.117885361	0.298355874	0.103663592	0.0896934320000001	0.0863521989999997	0.08613545	0.0878374599999998	0.0849334350000003	0.000143876128212077	6.10686815803184e-08	2.90749095830681e-07	1.67996174917403e-05	5.76670630511339e-05	2.1964389515189e-05	5.85005033423429e-06	2.06564286224787e-06	0.0636843561285042	0.475999509309891
9801	0.0745219130000003	0.166312533000001	0.11898741	0.301198654	0.104662973	0.0905898040000001	0.0872826929999997	0.0870181259999999	0.0887110239999998	0.0858547950000002	0.000130698435275758	3.78432034546554e-08	1.86439869881788e-07	1.77900186980063e-05	4.8835160441621e-05	1.78995386036399e-05	4.60758957369826e-06	1.50788940596371e-06	0.063595243871781	0.498595467597937
9901	0.0751872290000003	0.167527461000001	0.120062866	0.304029073	0.105629887	0.0914568790000001	0.0882294059999998	0.087857202	0.0895573279999998	0.0867296000000003	0.000119493582390025	3.68099968507739e-08	1.19645623842027e-07	1.66491118677506e-05	4.3117968552242e-05	1.56104858036516e-05	3.91381160789998e-06	1.30769818722223e-06	0.063568564518305	0.516049923128265
10001	0.0758460860000003	0.168480832000001	0.121245535	0.306980055	0.106591103	0.0923607390000001	0.0890784129999997	0.088768333	0.0904435469999997	0.0876085720000002	0.000110605259404498	2.97750692856855e-08	1.34974890942922e-07	1.66166685709746e-05	3.88471684121692e-05	1.36906841124697e-05	3.3043784535958e-06	9.62694996893027e-07	0.0634931097447928	0.52424192177852
10101	0.0765860260000003	0.169667747000001	0.122366063	0.310041614	0.10770802	0.0933377550000001	0.0900283379999997	0.089718256	0.0913802199999997	0.0884811340000002	0.000103630392434349	3.70026211955394e-08	2.47551645210629e-07	1.66567254760141e-05	3.68033061450653e-05	1.28302623485399e-05	3.05343746186503e-06	9.0780378575297e-07	0.0607451758442609	0.54918175531432
10201	0.0774089820000003	0.170715810000001	0.123625871	0.313381009	0.108832278	0.0943194200000001	0.0909651159999997	0.0907267799999999	0.0923655879999996	0.0895011710000001	9.16140471501914e-05	1.76242558916296e-08	1.41353719434171e-07	1.65967810773483e-05	3.06325762085017e-05	1.05461184209871e-05	2.46906290434442e-06	8.1193179453864e-07	0.0629018448598533	0.526497602180419
10301	0.0781847930000003	0.171770491000001	0.124857408	0.316511334	0.109904328	0.095491501	0.0919555159999997	0.0916687709999999	0.0933363679999996	0.0904725910000002	8.11014256674717e-05	1.71962171685457e-08	2.52843228643785e-07	1.6596140337042e-05	2.53083990455858e-05	8.63939151028315e-06	2.05872347961258e-06	7.77565789787658e-07	0.0460914642235753	0.475704263305972
10401	0.0788682000000003	0.172969560000001	0.125984179	0.319581755	0.110954806	0.096430035	0.0928562129999997	0.0925609519999999	0.0942172859999995	0.0914326940000002	7.8689420676206e-05	1.71967086108643e-08	2.01440328208518e-07	2.40522803319979e-05	2.41230346295727e-05	8.08012358344238e-06	1.85510452919857e-06	7.54559772695633e-07	0.0451964440165837	0.511570635131647
10501	0.0800003600000003	0.174509543000001	0.12761383	0.323607857	0.112330591	0.097689506	0.0940511989999997	0.093683487	0.0955068219999996	0.0925440200000003	7.26966027117234e-05	1.21322241402232e-08	2.13927797492656e-07	1.82923884517833e-05	2.15948308354653e-05	7.05840514395712e-06	1.58091965811519e-06	7.31798309728439e-07	0.0448571116738855	0.633871562584138
10601	0.0813018050000003	0.176815740000001	0.129566587	0.3281367	0.11399022	0.099097544	0.0952368209999997	0.0949208719999999	0.0968667779999996	0.0937678020000002	7.28072784435015e-05	9.7658686599984e-09	4.39354089490804e-07	1.93436971477159e-05	2.01214528948907e-05	6.56947889061949e-06	1.47934171899244e-06	7.24185299064363e-07	0.0445814985956957	0.566757747374705
10701	0.0822229110000003	0.178647954000001	0.130988644	0.33182393	0.115248913	0.100214969	0.0963479299999998	0.0959099469999999	0.0978521549999996	0.0948809820000003	6.42273777476046e-05	9.08054838289365e-09	4.51500581676416e-07	1.81987106161551e-05	1.87928581260244e-05	6.13182823900979e-06	1.3733826049117e-06	7.11197453605723e-07	0.0442859306816749	0.471106625793791
10801	0.0830126320000004	0.179807383000001	0.13242984	0.335262379	0.11653437	0.10124452	0.0973226149999998	0.0970481309999999	0.0988437099999995	0.0958415210000003	6.36295734568716e-05	7.63340731886682e-09	2.33047861229769e-07	1.802375157887e-05	1.8741962640528e-05	6.08308173180603e-06	1.34769155945714e-06	5.2033772937203e-07	0.0439478387383403	0.486891256663999
10901	0.0838151460000005	0.181223211000001	0.133825707	0.33863847	0.117782328	0.102292788	0.0983218179999998	0.0980441389999999	0.0997893329999995	0.0969304010000002	6.18693191602905e-05	5.95999715888176e-09	3.63148319699857e-07	1.8008826715439e-05	1.8703755051537e-05	6.06747573465769e-06	1.32103578450278e-06	5.14449610205189e-07	0.0434253527757643	0.45413677650159
11001	0.0847514770000005	0.182990806000001	0.135195665	0.342237107	0.119036021	0.103330628	0.0992467269999998	0.09906824	0.100825795	0.0981181630000003	6.00579050294597e-05	3.15886020280623e-09	9.91291003086987e-06	1.77004811498669e-06	1.85864191358337e-05	6.04390544929095e-06	1.31954651849347e-06	4.66286329547477e-07	0.0430980996457438	0.451685340633971
11101	0.0856012190000004	0.183736779000001	0.136665244	0.345720283	0.120086653	0.104212585	0.100121598	0.09997189	0.101722948	0.0990252320000003	5.80006846137054e-05	2.81097516453061e-09	5.68360176530961e-06	1.78358578795061e-06	1.76057498789647e-05	5.65897052557552e-06	1.20381961304423e-06	3.45091259494835e-07	0.0430298860470392	0.444265995309412
11201	0.0862601400000005	0.184511065000001	0.137817933	0.348803955	0.121064308	0.105064412	0.100927841	0.100793242	0.102635201	0.0998731940000003	4.93433108138162e-05	2.74899895753476e-09	4.78555623391229e-06	1.77739550526841e-06	1.32288432641736e-05	4.1771093008921e-06	9.002002256164e-07	3.30961030280242e-07	0.0430087483728247	0.455097333264221
11301	0.0868865320000005	0.185160917000001	0.138799282	0.351404771	0.12195222	0.105839545	0.101689909	0.101561882	0.103401211999999	0.100646855	4.70194097779051e-05	2.75279222512217e-09	4.03288392657531e-06	1.77506281279727e-06	1.18564797611835e-05	3.60649405384643e-06	7.27000438060527e-07	2.86646181195869e-07	0.0427535160177309	0.444657586291521
11401	0.0874519840000005	0.185736351000001	0.139718876	0.353840122	0.122784871	0.106613415	0.102445354	0.102348109	0.104162057999999	0.101409674	4.19649422428256e-05	2.29571558224074e-09	6.88528928475839e-07	2.02070766674966e-06	9.77363369359688e-06	2.90384164125622e-06	5.6876255003596e-07	2.65799534397459e-07	0.0424320327182536	0.46161581207483
11501	0.0880030020000005	0.186517087000001	0.140661777	0.356395829	0.123611733	0.107372743	0.103189633	0.103089088	0.104941829999999	0.10214628	4.14938734024196e-05	2.28711080553961e-09	2.11586767773762e-07	3.30479730128311e-05	9.5887454302738e-06	2.8748810187334e-06	5.68523546613276e-07	2.65516281029583e-07	0.0417717023075203	0.46321591936052
11601	0.0885734180000005	0.187243669000001	0.14166743	0.358908233	0.12450789	0.108183016	0.103962093	0.103857114	0.105709486999999	0.102935823	3.8854248618045e-05	6.37273202884031e-10	2.16325701138262e-07	3.30401409072397e-05	8.06257392814621e-06	2.33487509899313e-06	4.40727056625726e-07	2.60377433423645e-07	0.0410482433807532	0.468934899484922
11701	0.0891377080000005	0.188003402000001	0.142658433	0.361366563000001	0.125337177	0.108945872	0.10469909	0.1046069	0.106446947999999	0.103663878	3.69267125954351e-05	5.93797036857345e-10	2.49521651073198e-07	0.000129577190398103	7.40597488083743e-06	2.10404563013232e-06	3.86953645594211e-07	2.58869090443392e-07	0.0408022770571962	0.492941593638688
11801	0.0897459770000005	0.188640637000001	0.143595412	0.363755523000001	0.126185889	0.109720384	0.105476307	0.105358297	0.107190050999999	0.104432044	3.52426532912688e-05	5.79492084404401e-10	3.82228629217855e-07	5.04910325203486e-06	6.7749755548196e-06	1.9117529475346e-06	3.52431526621312e-07	1.82109764360723e-07	0.0407235466662	0.464605675425865
11901	0.0902761430000005	0.189216536000001	0.144504551	0.365973120000001	0.126993475	0.110466776	0.106205147	0.106082534	0.107908363999999	0.105151973	3.53745040628127e-05	6.18206418722998e-10	3.77439121100199e-07	2.4005169055369e-06	6.79421706217462e-06	1.93016649582207e-06	3.59437604478103e-07	1.76346607032814e-07	0.0407069960753497	0.455239681045874
12001	0.0908144540000006	0.190134941000001	0.145409611	0.368290981000001	0.127813116000001	0.111210505	0.106934581	0.106803548	0.108626720999999	0.105869282	3.47020174457132e-05	3.38770807922226e-10	2.58672548827306e-07	7.96986857708314e-06	6.64294784343227e-06	1.89141409564033e-06	3.5338487490309e-07	1.63647813078737e-07	0.0392675169362824	0.443594009762387
12101	0.0915031880000006	0.190799087000001	0.146476041	0.370983957000001	0.128810023000001	0.112106445	0.107738034	0.107657233	0.109456618999999	0.106687353	3.24807076419893e-05	1.30765461880558e-10	2.60879108709057e-07	2.74023674135406e-05	6.74380807032297e-06	1.93957298457953e-06	3.67489835681171e-07	1.65283113407889e-07	0.0401427708823805	0.489651219592229
12201	0.0923035220000006	0.192391295000001	0.147607976	0.374082332000001	0.129867036	0.113054918	0.108589774	0.108546381	0.110374543999999	0.107580622	3.58855516432017e-05	1.29364417949818e-10	2.57228723667739e-07	0.000169505126379888	6.78895292792272e-06	1.95888496834093e-06	3.71123709434959e-07	9.61553701097363e-08	0.0399837487353748	0.514508248380654
12301	0.0929057930000005	0.193219755000001	0.148653648	0.376591406000001	0.130759733	0.113859948	0.109462933	0.109340732	0.111218629999999	0.108359471	3.00277183349839e-05	5.32371509005121e-11	4.40889155411246e-07	0.000260648091849495	7.13645160729327e-06	2.08313243112647e-06	3.98910669762367e-07	9.43121266435233e-08	0.0397465026775778	0.601945002391041
12401	0.0935334990000006	0.193942525000001	0.149724773	0.379154191000001	0.131706534	0.114727189	0.110346854999999	0.110192846	0.112135528999999	0.109242842	2.90465928000916e-05	3.60803501803327e-11	4.70366240592471e-07	0.000260806620851478	7.15843829608183e-06	2.09315516365227e-06	4.01614346337277e-07	7.82230049838065e-08	0.0263747767161819	0.606955797345149
12501	0.0942361190000006	0.195007899000001	0.150902087	0.382055746000001	0.132779611	0.115687945	0.111291775999999	0.11115487	0.113073272999999	0.110174525	2.41640499768995e-05	3.16246748459089e-11	4.69585087513713e-07	0.000266850796410062	4.0408713550813e-06	1.08286526646828e-06	1.88997470055221e-07	6.27208188404625e-08	0.0389421164468839	0.613528098161726
12601	0.0949076790000006	0.195653612000001	0.152057209	0.385045638000001	0.133796494	0.116620035	0.112257542999999	0.112069044	0.113976994999999	0.1110803	2.18804865969987e-05	3.08379902252477e-11	5.92750044893473e-07	0.000207617994486092	3.72230424614082e-06	9.61869236329888e-07	1.5822034224075e-07	6.1074873336898e-08	0.0388842809700741	0.620911904863247
12701	0.0955731870000006	0.196544954000001	0.15318789	0.387797787	0.134799750000001	0.117552494	0.113164431	0.112967722	0.114903524999999	0.111984984000001	2.00234889515177e-05	2.7171354114369e-11	4.92434225567229e-07	0.000207437820943748	3.50249885887573e-06	9.40133289404395e-07	1.62904725810863e-07	5.72853112210032e-08	0.0385927105803355	0.579597192942883
12801	0.0962854680000006	0.197574176000001	0.154308723	0.390704045	0.135794053000001	0.11847776	0.114175531999999	0.113866926	0.115781807999999	0.112919485000001	2.01655198769984e-05	1.83880581323221e-11	4.02143425812397e-07	2.0155552573713e-05	3.414993583246e-06	9.12012263533121e-07	1.57344807673774e-07	4.9452228887031e-08	0.0385293747851828	0.580325872648653
12901	0.0968855760000006	0.198367258000001	0.15532865	0.393288172	0.136714892000001	0.119327549	0.11499188	0.11475594	0.116573593999999	0.113705189000001	2.04980908474258e-05	1.83877888951111e-11	4.1421040043776e-07	1.89887598213356e-05	3.17329516479222e-06	8.28812130056197e-07	1.38690513636086e-07	4.83725832443709e-08	0.0385283456347875	0.556168234038993
13001	0.0975161200000006	0.199052825000001	0.156334014	0.395987632	0.137616121000001	0.120134847	0.115775679	0.115539928	0.117353540999999	0.114485917000001	1.8172131385142e-05	1.71047979918882e-11	7.51914375317467e-07	1.04591358407414e-05	3.1064927685268e-06	7.98248280072477e-07	1.2961928864186e-07	4.10569211359537e-08	0.0381126766927074	0.549289176695843
13101	0.0981043380000006	0.199778336000001	0.157283076	0.398343244000001	0.138458560000001	0.120893898	0.116522375999999	0.116281869	0.118096489999999	0.115302872000001	1.70525987041603e-05	7.13753879981023e-12	7.14506312730359e-07	1.08689010364233e-05	2.49352273832585e-06	6.22609348989915e-07	9.76811237268914e-08	3.87881280577189e-08	0.0372736216894674	0.55343811294971
13201	0.0986573520000006	0.200468990000001	0.158188973	0.400575711000001	0.139275656000001	0.12165944	0.117261382	0.117015647	0.118821477999999	0.116027568000001	1.69557253719685e-05	6.7784161223337e-12	5.23759724439201e-07	9.42606067327799e-05	2.29932025173502e-06	5.7399913742651e-07	9.05854270997807e-08	3.86505310958972e-08	0.037195089287958	0.548324898664766
13301	0.0992124180000007	0.201153092000001	0.159128612	0.402976278	0.140114346000001	0.122431849	0.118018834999999	0.117764865	0.119566187999999	0.11677105	1.71613065990228e-05	6.68643316249989e-12	5.19960518159662e-07	3.25205924451019e-05	2.15055921519372e-06	5.28601641739069e-07	8.16610044363038e-08	3.77058060853728e-08	0.03716156373719	0.552601382646985
13401	0.0997736360000007	0.201695377000001	0.160090813	0.405323805	0.140997580000001	0.123226721	0.118822874	0.118538094	0.120334672	0.117538462	1.55578803704429e-05	4.37245584058605e-12	3.49642294275119e-07	3.24929974685628e-05	1.9335240656625e-06	4.72743510608491e-07	7.26414811350317e-08	3.72832733790126e-08	0.033713386227455	0.380772714499748
13501	0.100398856000001	0.202561768000001	0.161134221	0.40788945	0.141932751000001	0.124074322	0.119648045999999	0.119348891	0.12114018	0.118346716000001	1.41435830131759e-05	4.10598154034123e-12	3.26306485238203e-07	1.08711208286706e-05	1.76882534446772e-06	4.19451899267452e-07	6.15193471161434e-08	3.66941606642257e-08	0.0360776334461269	0.419112518603771
13601	0.101212206000001	0.203598171000001	0.162685366	0.411419857	0.143059591000001	0.125189918	0.120846594999999	0.120295046	0.122106097	0.119264510000001	1.29091263220662e-05	2.69193280567308e-12	3.4589451246072e-07	1.04792395516623e-05	1.65342263974584e-06	3.94487665174413e-07	5.89141594977465e-08	3.65233535960504e-08	0.035558745583023	0.415351794176669
13701	0.101815291000001	0.204319641000001	0.163706267	0.414123545	0.144319126000001	0.126023249	0.121834610999999	0.121203418	0.122924370999999	0.120047616000001	1.23355402663499e-05	2.58531599676065e-12	6.41863705858664e-07	9.1543094694328e-05	1.55733125641659e-06	3.74012404484237e-07	5.68428638420336e-08	3.65547376055889e-08	0.0355398883763733	0.422327246717018
13801	0.102426579000001	0.205195443000001	0.164741081	0.416479185	0.145201422000001	0.126823483	0.122609327999999	0.121998638	0.123782546	0.120851744000001	1.21942982133813e-05	2.58703877133486e-12	6.4688314986892e-07	9.15426644450921e-05	1.47739015724913e-06	3.52415026800598e-07	5.36372379389859e-08	3.65213515905249e-08	0.0351140803738362	0.492160864714309
13901	0.102996446000001	0.205896374000001	0.165694022	0.418977102	0.146063202000001	0.127613013	0.123418509999999	0.122761819	0.124551015	0.121617596000001	1.20906959317732e-05	2.5839048149613e-12	5.83151210205658e-07	9.95892315349822e-05	1.47711408633641e-06	3.52422763287643e-07	5.33557840681969e-08	3.61014268474619e-08	0.0348621873794378	0.488229939381707
14001	0.103574939000001	0.206633962000001	0.166677814	0.421445657	0.147070182000001	0.128419269	0.124201337999999	0.123561469	0.12532365	0.122399006000001	1.1908802463905e-05	2.62777518576127e-12	3.94587820048194e-07	0.000101248967426331	1.50139212798994e-06	3.63148465091289e-07	5.54077302937272e-08	2.48036579883068e-08	0.0348633330405695	0.477973732770439
14101	0.104149888000001	0.207256900000001	0.167688593	0.423857341	0.147951780000001	0.129232372	0.125001736999999	0.124350864	0.12613447	0.123185491000001	1.16520745191311e-05	3.16955570851301e-12	3.65937425011315e-07	9.31869775706359e-05	1.52753740355241e-06	3.72057740308711e-07	5.71150347113305e-08	2.36210564925346e-08	0.0346242368116165	0.536204015854394
14201	0.104780040000001	0.208009850000001	0.168754945	0.42664409	0.148908448000001	0.130110173	0.125865462999999	0.125214699	0.12698657	0.124066409000001	1.11983472214133e-05	9.45259571311824e-13	3.34496832713059e-07	9.26398651836669e-05	1.28792327738878e-06	2.93759979392187e-07	4.08471575621056e-08	1.51419985037318e-08	0.0337174606543565	0.540620543862334
14301	0.105464305000001	0.208716574000001	0.169869826	0.42978173	0.149904955000001	0.131036719000001	0.126753223999999	0.126102683	0.12787135	0.124950630000001	1.0847027332606e-05	9.16813858839054e-13	3.78175328798985e-07	8.42376586676498e-06	1.07249436788244e-06	2.46201171686094e-07	3.53375292268146e-08	1.05387513491925e-08	0.0336909050160572	0.509000303167627
14401	0.106065014000001	0.209275073000001	0.17088714	0.432352358	0.150817055000001	0.131873133000001	0.127601401999999	0.126912769	0.128681369	0.125755706000001	1.06183652737678e-05	8.66436792144485e-13	3.7286742633398e-07	1.73302476174965e-06	1.05765235556138e-06	2.41075680259578e-07	3.41632159083659e-08	9.94197035101518e-09	0.0326618555957341	0.478523654502436
14501	0.106640373000001	0.210085505000001	0.17189056	0.434794649	0.151685402000001	0.132679189000001	0.128509291999999	0.127699135	0.129460021	0.126530123000001	1.0431057088411e-05	8.80511900091412e-13	3.60403469984317e-07	9.31843105246146e-06	9.80299883695752e-07	2.21611974971116e-07	3.1137160071267e-08	9.663831222803e-09	0.0326783920979419	0.492472094767368
14601	0.107162228000001	0.210660696000001	0.172761124	0.437054674	0.152461630000001	0.133397058000001	0.129206115999999	0.128390459	0.130148261	0.127240961000001	1.03100556755146e-05	7.28646528373319e-13	3.15258637419054e-07	2.81706159609995e-05	8.7432712615811e-07	2.06040770055945e-07	3.05584653690218e-08	9.58958454966379e-09	0.0326773421079346	0.521924493235219
14701	0.107685487000001	0.211313775000001	0.173659741	0.439291594	0.153284213000001	0.134124574000001	0.129917454999999	0.129113311	0.130881748	0.127951677	1.00267020320759e-05	6.38296461266456e-13	2.40775473530026e-07	1.23602629985871e-06	7.03104108348879e-07	1.57966562268812e-07	2.22040425096752e-08	9.3126029147776e-09	0.03137784464176	0.568916965580756
14801	0.108226876000001	0.211974797000001	0.174584324	0.441593397	0.154114655000001	0.134883137000001	0.130663021999999	0.129858515	0.131626723	0.128726216	9.62053810328627e-06	6.58932990969614e-13	2.18314965963846e-07	5.37646982307051e-07	6.65967183300311e-07	1.49900533019433e-07	2.11948345925679e-08	9.15625789429649e-09	0.0313338302371749	0.721893537696402
14901	0.108802956000001	0.212908493000001	0.175554743	0.444063733	0.155017104000001	0.135684641000001	0.131450184999999	0.130642281	0.132403788	0.129552394	9.23354070155699e-06	5.45845603399672e-13	1.20170380807496e-07	7.31203405965443e-06	5.56476260494691e-07	1.17387782966823e-07	1.55967738479776e-08	6.29317732391491e-09	0.0307712620520553	0.625207886428866
