k	rt_srk	rt_esrk	rt_hb_double_inexact	rt_hb_opt_beta	rt_hb_beta_0.1	rt_hb_beta_0.2	rt_hb_beta_0.3	rt_hb_beta_0.4	rt_hb_beta_0.5	rt_hb_beta_0.6	res_srk	res_esrk	res_hb_double_inexact	res_hb_opt_beta	res_hb_beta_0.1	res_hb_beta_0.2	res_hb_beta_0.3	res_hb_beta_0.4	res_hb_beta_0.5	res_hb_beta_0.6
1	0	0	0	0	0	0	0	0	0	0	0.875297819694122	0.785806224873613	0.811916493176512	0.810586647789926	0.865158218961292	0.854660794221203	0.843144317604372	0.827593876254346	0.81626397657507	0.91637459527626
101	0.002654993	0.010912449	0.003239699	0.007824308	0.003045667	0.002742668	0.002265586	0.002077389	0.002802677	0.002731362	0.785735618739705	0.675656623844489	0.662768698691349	0.690255804792698	0.766574528366884	0.741292841748978	0.720011441763537	0.700930094820372	0.702922211825672	0.848751687417893
201	0.004302939	0.016572849	0.005973578	0.012368994	0.005562718	0.004588174	0.004016961	0.00386928	0.004471178	0.004557234	0.700303399673219	0.499921165649994	0.496838230397566	0.511528904555904	0.673572407973514	0.638903247742315	0.599699993229047	0.562478762861437	0.563438708561596	0.814123239603757
301	0.006490283	0.024953006	0.009159813	0.01908919	0.00880091	0.006992488	0.006313347	0.006553084	0.006874007	0.006806145	0.664418439801139	0.41361863847041	0.413782563776671	0.429107754574595	0.635423195329276	0.598962881784597	0.545103400483238	0.50081104703772	0.504147374486539	0.792842653369283
401	0.008029082	0.031468635	0.01178382	0.023801189	0.011223425	0.00860027199999999	0.007819895	0.008123073	0.00851127999999999	0.008261522	0.612814896658657	0.345820953173676	0.343927066676179	0.362783836942384	0.588755673309892	0.551630353152186	0.494086401888711	0.451443911059402	0.450676341595807	0.774997232789988
501	0.00929258699999999	0.035898556	0.013754102	0.0274448	0.01298833	0.010103315	0.00934733399999999	0.00952647499999999	0.00993962199999999	0.009640581	0.529589366843146	0.296859393195334	0.293529781508015	0.314063479274807	0.492469167454091	0.454114909839235	0.41977996917908	0.411135760442814	0.440193275348685	0.762681030808477
601	0.010644227	0.040017149	0.015893498	0.031124202	0.014686058	0.011573835	0.010663014	0.011048026	0.0112425	0.011012841	0.438985127657528	0.286049650053848	0.278334400422284	0.298160604145495	0.402963389336447	0.373593893124001	0.34319251584206	0.333724134115751	0.396745361591303	0.722636522688865
701	0.01168618	0.0426625190000001	0.017744301	0.033623637	0.016199628	0.012930001	0.011911242	0.012216639	0.012435862	0.012190911	0.39555822222989	0.264620008233487	0.268370948111955	0.268841670263413	0.372327762011675	0.355098728059066	0.331155351598598	0.321638052493262	0.38159514260702	0.642487160219016
801	0.012551818	0.044781416	0.019110518	0.035555997	0.017407996	0.014095783	0.013023621	0.013341207	0.013512477	0.013215167	0.390627540192657	0.264691203648273	0.267746375831662	0.267925841395358	0.368543816827682	0.350316074460917	0.320930558127907	0.304711802068945	0.360098444786237	0.593308428009444
901	0.013399141	0.046462991	0.020716602	0.037269765	0.018739562	0.015203553	0.014145541	0.014584098	0.014593048	0.01434035	0.35356349667369	0.261884788881927	0.264324267633911	0.261774376940445	0.344339779797095	0.339263404939925	0.316688341905206	0.293852619119108	0.348662487322019	0.571706234348733
1001	0.01467664	0.048767261	0.022370773	0.040332533	0.020206003	0.016672157	0.015370673	0.01579418	0.015926361	0.015622774	0.287741566493103	0.211911417253532	0.207524499688987	0.208225701734565	0.269827469939458	0.265623918736839	0.25672409251011	0.24865149801603	0.325800271200944	0.52947848643386
1101	0.015899027	0.051342793	0.027007567	0.043327293	0.021822724	0.01828452	0.01681528	0.017077843	0.017324275	0.017150595	0.26494970128306	0.0354332647767884	0.0169626780072981	0.0198855031181273	0.237344409761595	0.215302771323046	0.182082244850868	0.140891426107013	0.240051206492918	0.500470532987989
1201	0.017447003	0.055561673	0.029791387	0.047443165	0.024614657	0.020421624	0.018759266	0.019390328	0.01920105	0.01909712	0.167758412158388	0.0216458227557859	0.0147341636262849	0.0189608178006493	0.156166797069826	0.152796513921151	0.138274225915985	0.109079860955235	0.217546902840442	0.570920626146067
1301	0.019015853	0.0590824599999999	0.032612109	0.050068715	0.0268772890000001	0.022497112	0.020650016	0.021185068	0.021297101	0.021068595	0.1385960296731	0.00842423397866384	0.00819082883703129	0.00954226844369371	0.11510533352502	0.105164451680607	0.109118378823637	0.0992529830702817	0.16841244564943	0.502298975788036
1401	0.020430174	0.0621495569999999	0.034738929	0.052195092	0.0288493960000001	0.024154506	0.022081401	0.022721563	0.0228808	0.022882042	0.124449343819892	0.00665822350738142	0.00708370403618604	0.00570920463940929	0.100903169544072	0.0875625040691413	0.0900391475258559	0.0805985322464333	0.162955974362841	0.619350280004388
1501	0.021319408	0.0645143309999999	0.036275819	0.053702441	0.0303031880000001	0.025465771	0.023317706	0.023923501	0.024142484	0.024049429	0.118579739684847	0.0064719853501723	0.00658655466620098	0.00280242265496412	0.0960913598484062	0.0712160979339283	0.0692980610329408	0.0738332325338802	0.160718534300555	0.626034833579696
1601	0.022594604	0.0681878599999999	0.038887123	0.056374514	0.0322269220000001	0.026962693	0.025077973	0.025469867	0.025445204	0.025392265	0.101024666601111	0.00534765840560034	0.00344521143633883	0.00099278702213441	0.0885294670758362	0.0677135442843376	0.0600686133405484	0.0636870570676737	0.159494002720813	0.627598962214048
1701	0.023316855	0.0701346529999999	0.040122011	0.0579166859999999	0.0333809940000001	0.027967226	0.026085697	0.0264088410000001	0.026509929	0.02642623	0.0829947283187527	0.00472647664994269	0.00258118220485978	0.000201530753910605	0.0737802845069719	0.0521951413319833	0.0367574292175442	0.0449685343199803	0.156306541815781	0.63907240445531
1801	0.024063001	0.0718014359999998	0.04128205	0.0590374399999999	0.0344157890000001	0.028863975	0.02701689	0.0272977630000001	0.027406889	0.02732063	0.080487316003062	0.00438410519971595	0.00136161888180837	0.000161607465329646	0.0717465866491926	0.0498972168458131	0.0353664784386348	0.0426984443983444	0.153642762716692	0.682800349476142
1901	0.024693127	0.0733331529999998	0.042385326	0.0600615829999999	0.0354098100000001	0.029778524	0.028012248	0.0281642140000001	0.028286521	0.028261017	0.0784228348729215	0.00452334856742541	0.000939855925228128	0.000169897083250733	0.0700096555654246	0.0455746897173372	0.0281579923707556	0.0319978869478884	0.151644062593688	0.693096541770688
2001	0.025359791	0.0743714269999997	0.04346305	0.0608467759999999	0.0363894900000001	0.030682795	0.028894331	0.0290776060000001	0.029159605	0.029138047	0.0774144809060315	0.00411731176732487	0.00054568569961304	3.47982133156145e-05	0.0693793096544554	0.0424971793548258	0.025732386608485	0.030975679876201	0.150815353149807	0.710569863182406
2101	0.026008689	0.0756679399999998	0.044582704	0.0620107809999998	0.0374317450000001	0.03161557	0.02983761	0.0299895240000001	0.0300707440000001	0.0300557	0.0760138412099908	0.0030930097718861	0.000283573104042203	2.87891486017291e-05	0.0687784389626525	0.041652751650188	0.0193611599602703	0.0281433226449359	0.14808281139251	0.605834093018989
2201	0.026799579	0.0780197489999998	0.0462375	0.0631357739999998	0.0387200400000001	0.032730351	0.030990136	0.0311478720000001	0.0311489710000001	0.031121149	0.0741777143009686	0.0030184991116598	0.000262808186119617	2.82297073889625e-05	0.0676224309246906	0.0363104834967442	0.0175534609165898	0.0267537172258427	0.143669743101183	0.546989031540799
2301	0.027479619	0.0793886779999998	0.04738766	0.0640427509999997	0.0397618980000001	0.0336629109999999	0.031949917	0.0321245220000001	0.03206953	0.032082003	0.0643368373049172	0.00285097189483522	0.000156145226672231	2.8040618325073e-05	0.0377064252846073	0.0173661593045905	0.0128743968632908	0.0209417356477165	0.139859158156581	0.559801740122874
2401	0.028145631	0.0805164369999997	0.048553742	0.0647636869999998	0.0408069950000002	0.034636971	0.032851293	0.0331176360000001	0.032988957	0.033009302	0.0636727629764896	0.00231852548079981	0.000155799340387394	2.79594970891114e-05	0.0342435221216367	0.0159441492788412	0.0123734021899075	0.0200075039990115	0.13667455993729	0.577413533240917
2501	0.028751708	0.0816641869999998	0.049570001	0.0654465479999998	0.0417566380000001	0.035511593	0.0337376979999999	0.0339964100000001	0.0338995570000001	0.033879937	0.0562307493612822	0.00189814709937766	0.000144629632627786	4.52314633372324e-06	0.0272368724088573	0.014479866624468	0.00970448741872854	0.0183912736431414	0.136190425469456	0.579873653180794
2601	0.029332449	0.0827617169999998	0.050551834	0.0660941049999997	0.0426767970000001	0.036346186	0.0345897179999999	0.0348117030000001	0.0347109380000001	0.034691286	0.0531738638043333	0.00181493397065036	0.000138784846728328	8.8854938950985e-07	0.025070652815395	0.0139564902900356	0.00899078620817952	0.0126162062032267	0.132079509748369	0.612447231040505
2701	0.030111775	0.0843111729999999	0.0517375000000001	0.0669024319999997	0.0437572390000001	0.03731106	0.0355470759999999	0.0358001420000001	0.0356505930000001	0.0356172619999999	0.0356959351429611	0.00197163948061122	0.000132881593294775	8.74897466858446e-07	0.0196724422498568	0.0125351725048329	0.00785410653506555	0.0116219674741182	0.131735290882762	0.590128395853782
2801	0.030667957	0.0854551789999999	0.0527440080000001	0.0674643739999996	0.0446394650000002	0.0382250049999999	0.0363610139999999	0.0365987800000001	0.0364439550000001	0.036415786	0.0347093038048892	0.00183031307423018	0.000132868102159125	8.55536445665003e-07	0.017777621018284	0.0110131944539773	0.00695941127320508	0.0112047305989961	0.130480814400916	0.584805488317703
2901	0.0312098980000001	0.0867642429999999	0.0536614300000001	0.0680147269999997	0.0454956980000002	0.039022307	0.0371441479999999	0.0373899540000001	0.0372122010000001	0.037186048	0.0272616424363204	0.00149542422113937	1.44116154540908e-05	3.16937957488628e-07	0.0155545969922059	0.0104458944882626	0.00620869227662033	0.0100661747212873	0.12979836829101	0.622677078320742
3001	0.03176647	0.0878022589999999	0.0545791280000001	0.0686267479999997	0.0463482000000002	0.0398213189999999	0.0379193889999999	0.0381683300000001	0.0380117530000001	0.0379567319999999	0.0253111932237157	0.00154996238658402	1.4565925693844e-05	2.99965224370119e-07	0.0147540992766382	0.00993780573965035	0.00588142893005554	0.00983245756668154	0.128714508731227	0.627143764990621
3101	0.032731467	0.089166485	0.0559607680000001	0.0694703859999997	0.0475389730000002	0.0408047509999999	0.0392761089999999	0.0392956950000001	0.0391963390000001	0.0390252399999999	0.0183804757911794	0.0013671999882264	1.13319260414708e-05	2.19496006669314e-07	0.0130444169267994	0.00900638942287101	0.00529994030698381	0.00968434529303873	0.128528300489585	0.494157793668919
3201	0.033654301	0.090780223	0.0572164640000001	0.0701540899999996	0.0486788270000002	0.0418603229999999	0.0401331949999999	0.0401831890000001	0.0401396150000001	0.0399256089999999	0.0170464809282732	0.00147420852294003	3.61199291452405e-06	1.74462275589884e-07	0.0116798849699829	0.00813487044329065	0.00472796237842856	0.00916535225395666	0.126882649345859	0.553686440175333
3301	0.0341955150000001	0.092059302	0.0581008320000001	0.0707016399999997	0.0495698320000001	0.0426817479999999	0.0409424789999999	0.040986572	0.0409485850000001	0.0407022489999999	0.0160479719194004	0.00120789295965766	2.25872854145112e-06	1.59122622373077e-07	0.0108977581527972	0.0075928033272812	0.00428557979292979	0.00650617010513497	0.125074752310893	0.555999050100056
3401	0.0348067900000001	0.0935108650000001	0.0590898930000001	0.0713172859999996	0.0505461450000002	0.0435655299999999	0.0418044529999998	0.041848897	0.0418915590000002	0.0415997459999999	0.0154467131067328	0.00132699773915398	1.92932171791715e-06	1.51441135202343e-07	0.010476359891884	0.00725288569432156	0.00405455134727175	0.00632889410529998	0.124377649771207	0.531899371596052
3501	0.0354106470000001	0.0944272740000001	0.0600635050000002	0.0719295529999997	0.0514781390000001	0.0444302579999999	0.0426595029999998	0.042703047	0.0427563660000002	0.0424388199999999	0.0146708340502654	0.00150942310820911	1.91265378591165e-06	1.5091420363206e-07	0.00988724714062272	0.00693207073948451	0.0038959610523367	0.00471313206402732	0.120523175171614	0.640572098969501
3601	0.0359874240000001	0.0951220820000001	0.0609735530000002	0.0725127529999997	0.0523717650000001	0.0452576029999999	0.0434770449999998	0.043512925	0.0435653940000002	0.0432500279999999	0.0135454378334491	0.00138150721781756	1.07055687733247e-06	1.04049221731808e-07	0.00872566876920809	0.00599337654438656	0.00332280061782275	0.00389580913740553	0.11979123853995	0.658633356624985
3701	0.0366139290000001	0.0965866910000002	0.0620011020000002	0.0731224489999996	0.0534054290000001	0.0461331059999999	0.0443251969999998	0.044411401	0.0444336810000002	0.0441254059999999	0.00989222710710477	0.00111603849793553	9.33978328220372e-07	7.43784798912797e-08	0.00702563734817253	0.00470091733484587	0.0025124610201415	0.00279019903682703	0.118650445905391	0.682693019998677
3801	0.0372969500000001	0.0977895170000002	0.0630486090000002	0.0737654779999997	0.0543962990000001	0.0471458229999999	0.0452325509999998	0.045352253	0.0454069320000002	0.0450784899999999	0.00897039697045706	0.000951636208701535	8.93641635827326e-07	7.40343391000161e-08	0.00641235978369648	0.00425886749527029	0.00224275529377813	0.0026306712365319	0.117005397040235	0.73297891325331
3901	0.0380417400000001	0.0993020570000002	0.0640749000000001	0.0744457679999997	0.0554069720000001	0.0480651449999999	0.0461526749999998	0.046263845	0.0462799090000002	0.0459401419999999	0.00783728874015377	0.000766907518862109	6.39459532306253e-07	6.13585290037949e-08	0.00560170579891311	0.00366331738617812	0.00190006338450696	0.00249039751698449	0.114465970591969	0.650211628534077
4001	0.0386173510000001	0.100117466	0.0651064070000001	0.0750572439999997	0.0562952030000001	0.048907287	0.0469508649999997	0.0470461419999999	0.0470811870000002	0.0468051999999999	0.00688004441880568	0.000754178398004581	5.39057541801495e-07	4.95241452221929e-08	0.0048962605697992	0.00314516411119072	0.00156965619365614	0.00240508189014086	0.113051780894628	0.589122245838255
4101	0.0391602940000001	0.101051269	0.0659473500000001	0.0756043439999997	0.0571502470000001	0.049714584	0.0477145569999997	0.0478017789999999	0.0478369870000001	0.0475548349999999	0.00647264632934068	0.000600104789220063	5.01932250380985e-07	4.11572781772726e-08	0.00440546648353	0.00272717751938134	0.00132981447916363	0.00235528637118875	0.112997015259219	0.597022220830183
4201	0.0397347090000001	0.101786954	0.0668327480000002	0.0761783039999997	0.0580282820000001	0.0505308329999999	0.0485226089999997	0.0486034449999999	0.0486375970000001	0.0483718839999999	0.00635681512030263	0.000459269293168492	4.9564941669178e-07	3.20124689978293e-08	0.00436279819807912	0.00271681324171753	0.00132991503141387	0.00177586671471138	0.112248003730084	0.594121556580196
4301	0.0403763220000001	0.102998647	0.0677685450000001	0.0767769819999997	0.0590216790000001	0.0514545309999999	0.0493992759999997	0.0494575959999999	0.0494853140000001	0.0492671609999999	0.00620005272917026	0.000419831870860913	5.02684505568044e-07	3.02655990217771e-08	0.00423226872563532	0.00261500496908794	0.0012733311545095	0.0017814861487201	0.111285759174666	0.573188082883335
4401	0.0410188540000001	0.104242924	0.0686934390000001	0.0774540079999997	0.0599558430000001	0.0522844059999999	0.0502136619999997	0.0503499519999999	0.0503861300000001	0.0500664589999999	0.00556514409564564	0.000433322668529701	4.33101636258967e-07	2.61879511145893e-08	0.00368852947593957	0.00219386519290242	0.0010164949570977	0.00169114054589437	0.109964474412066	0.600252723060683
4501	0.0416268900000001	0.10538437	0.0695869810000001	0.0780334109999998	0.0608460910000001	0.0531054169999999	0.0510310849999998	0.051155328	0.0511895970000001	0.0508708599999999	0.00463543309823549	0.000409260933274154	3.49835314182836e-07	2.51290941472714e-08	0.00309027693868569	0.00185160523019951	0.000866621642786185	0.001609254509962	0.10990339561255	0.669133566947024
4601	0.0424742170000001	0.10707643	0.0708507570000001	0.0789212019999998	0.0622445550000001	0.054260295	0.0521581469999997	0.0523339799999999	0.0523836810000001	0.0520438529999999	0.00437276805373352	0.000421380356629772	3.33502573854217e-07	2.52120716737937e-08	0.00286608543591976	0.00167438992676499	0.000756304421439667	0.00157145178513212	0.109417221747042	0.61563702933972
4701	0.0430836660000001	0.107999728	0.0718363320000001	0.0795571519999998	0.0631826270000001	0.0551602309999999	0.0531263539999997	0.0532908619999999	0.0532471120000001	0.0529433559999999	0.00425745323818804	0.000423160743506229	3.23798727627893e-07	1.97814471838502e-08	0.0027882598285402	0.00163782567993725	0.000744112934670925	0.00137989985798786	0.109063350682456	0.625699499325873
4801	0.0437223260000001	0.109057883	0.0728076130000001	0.0801439059999998	0.064110269	0.0560275809999999	0.0540106349999998	0.0542041649999999	0.0540847370000001	0.0537734959999999	0.00377891981024475	0.000402676362400847	2.8883436496449e-07	1.96856500839428e-08	0.00245123166059264	0.00140512448422712	0.000614400830613049	0.000894357732218008	0.108309057945809	0.635688811883073
4901	0.0443720120000001	0.10999353	0.0736819230000001	0.0807802489999998	0.065000055	0.0568802019999999	0.0548581969999998	0.0551072699999999	0.0549672270000002	0.0545867669999999	0.00376493390249995	0.000395780903168708	2.90831003768335e-07	1.94343962550587e-08	0.00243092727255613	0.00138846871663706	0.00060320212155682	0.000751312935841815	0.106166503195701	0.602338769062547
5001	0.0449264000000001	0.11079052	0.0745406320000002	0.0813404309999998	0.065985242	0.0577081099999999	0.0557472469999998	0.0559137379999999	0.0557674570000001	0.0554013899999998	0.00305592489817687	0.000397698777250302	2.2558433132994e-07	1.9149010838947e-08	0.00195326638566475	0.00110628830724048	0.00047994903507493	0.000737037870394155	0.106021387556516	0.598764369516931
5101	0.0454922640000001	0.111585467	0.0754295260000001	0.0819200479999999	0.066872226	0.0585267149999999	0.0565514289999998	0.0567202849999999	0.0565638230000002	0.0562014169999998	0.00295383152338282	0.000388367419876561	2.19642452171319e-07	1.92082739315999e-08	0.00187361128194287	0.00103958745977285	0.00043123865417188	0.000693484555747857	0.102808749932071	0.644526569507149
5201	0.0460647370000001	0.112208694	0.0763038300000001	0.0824944689999999	0.067774398	0.0593716969999999	0.0573762009999998	0.0575681859999999	0.0573803960000001	0.0570130619999998	0.00281109284073333	0.000266146412819243	2.07039934920343e-07	1.68598484981498e-08	0.00177229027010781	0.0009782581500702	0.000407470599175304	0.000553207056690437	0.10149435016776	0.645814918911107
5301	0.0466847790000001	0.113281768	0.0772687450000001	0.0831266069999999	0.068728142	0.0603409679999999	0.0582458089999998	0.0584987619999999	0.0582436590000002	0.0578811509999998	0.00263462400305195	0.000248926777843185	1.93717198130687e-07	1.54384202576051e-08	0.00167003458783262	0.000931288188406055	0.000395031420314226	0.000508291672916911	0.101024967197483	0.63601499329173
5401	0.0474058400000001	0.115287337	0.0784737180000001	0.0838765719999999	0.069988556	0.0613897789999999	0.0591366319999998	0.0596188169999999	0.0592783770000002	0.0588487469999998	0.00232320566078407	0.000267843137448959	1.68496896351754e-07	1.46894244634018e-08	0.00144050923036011	0.000781018465283226	0.00031766926577202	0.000492352703841928	0.101202480677846	0.625591023526491
5501	0.0479512730000001	0.116202806	0.07931534	0.0844246019999999	0.0708213180000001	0.0621697159999999	0.0599287589999998	0.0603781599999999	0.0600324190000002	0.0596018699999998	0.00226306679664086	0.000261273196120129	1.64094136360298e-07	1.46115296259248e-08	0.00140321147908295	0.000761653123980595	0.000311590883436263	0.000481812384515035	0.099497761031634	0.608437548402499
5601	0.0485011810000001	0.11710919	0.080172204	0.0849818319999999	0.0716613310000001	0.0629951019999999	0.0607069569999998	0.0612035489999999	0.0607964150000002	0.0603543979999998	0.00206738281063821	8.06568121093448e-05	1.58026163845175e-07	9.45754486447742e-09	0.00126631655998834	0.000686028397650667	0.000285800573405628	0.000479688546976185	0.0989305937734511	0.617808471987427
5701	0.0491030290000001	0.117871696	0.0810920119999999	0.0855933029999998	0.0725698630000001	0.0639185019999998	0.0615676499999998	0.0621274889999999	0.0616451150000002	0.0611849119999998	0.0017718959913596	6.4926047634282e-05	1.33244865721981e-07	7.18616774031732e-09	0.00108044298499142	0.000584369307934367	0.00024637942218262	0.000475926103865282	0.0989241154713398	0.615244885609975
5801	0.0496788610000001	0.118869283	0.0819822109999999	0.0861697669999998	0.0734752760000001	0.0647670739999998	0.0623989999999998	0.0629500649999998	0.0624784580000003	0.0620070789999998	0.00172160638685235	5.20874152607715e-05	1.29287143368006e-07	6.1829102008222e-09	0.00104745095781736	0.000565613102720836	0.000238486093556383	0.000387398402617535	0.0941022652251596	0.620740717133501
5901	0.0502397390000001	0.11974338	0.0828508999999998	0.0867369169999998	0.074362944	0.0655974899999998	0.0632171419999999	0.0637652249999998	0.0632896460000004	0.0628240959999998	0.00166396006331468	4.98131189867561e-05	1.24819040239675e-07	6.21671074625347e-09	0.00100114634425597	0.000529673946573685	0.000217391256784365	0.000383405900175305	0.0958574443857055	0.640834226425325
6001	0.0508758050000001	0.120624919	0.0838666429999999	0.0874921029999998	0.0754012	0.0665116639999998	0.0640864089999999	0.0646409019999998	0.0641559600000003	0.0636972499999998	0.00153558315572891	4.96540336787897e-05	1.13660524230025e-07	5.7790141064161e-09	0.000897258509972587	0.0004543142258661	0.000178179528694373	0.000343895417754394	0.093730151121629	0.692384391218973
6101	0.0520012700000001	0.123110505	0.0854871689999999	0.0887752739999998	0.0769835220000001	0.0678387899999998	0.0656107839999998	0.0661232009999999	0.0655530600000003	0.0649981989999998	0.00143778660665374	4.84320086954949e-05	1.13688032683335e-07	4.55768930469698e-09	0.000849532549773264	0.000427684926358156	0.00016384977231723	0.000328574330950786	0.0942875265559116	0.602795361693518
6201	0.0526768500000001	0.124576154	0.0865624029999999	0.0894460029999998	0.078243562	0.0688675029999998	0.0665787829999998	0.0670368509999998	0.0665330890000003	0.0659339229999998	0.00137199080137437	4.64067264737534e-05	1.08299678939238e-07	4.21578133581555e-09	0.00079569834865641	0.000393201167969438	0.000143599588052712	0.00023375251052381	0.0939963552668982	0.487010269954327
6301	0.0532816020000001	0.125799924	0.0875398479999999	0.0900469559999998	0.079221573	0.0697404129999998	0.0674343919999999	0.0679464629999998	0.0673884760000003	0.0667868899999998	0.00138278801344504	3.22178671808599e-05	1.10737839755233e-07	3.85162430263968e-09	0.000804090423836954	0.000398807622631305	0.000146372810906279	0.000219113737514254	0.0921764093354676	0.520324746655452
6401	0.0538894360000001	0.126722656	0.0884852879999998	0.0906483379999997	0.080165533	0.0706289039999999	0.0683042739999999	0.0688113029999997	0.0683033730000003	0.0676428749999998	0.00138685700734103	2.51089189935624e-05	1.11299120165888e-07	3.48029929446097e-09	0.000797809921169813	0.000396770286466788	0.000146226037562002	0.000211254170412625	0.0913499043038958	0.52361476417249
6501	0.0545322460000001	0.127742298	0.0894823229999998	0.0913003339999997	0.0811884170000001	0.0715732559999999	0.0692356299999999	0.0697301779999997	0.0692246640000004	0.0685792989999997	0.00139763573541493	2.80794204709067e-05	1.11590989174747e-07	3.19708852183398e-09	0.000800622282189925	0.000398695317794684	0.000147129637495679	0.00020795838170836	0.0907071533879879	0.526024175598024
6601	0.0552347140000001	0.129090175	0.0905903939999999	0.0919996579999997	0.0822822950000001	0.0725873209999999	0.070272882	0.0707193739999997	0.0702068630000004	0.0695838969999998	0.00142566807383433	1.73298413922709e-05	1.14857779142251e-07	2.81460043725984e-09	0.000819818066869917	0.000410490420982406	0.00015225011148405	0.000206691546012144	0.0866430729548355	0.472334683829661
6701	0.055903757	0.130628195	0.0916532509999999	0.0926595289999998	0.0833204580000001	0.0735646199999999	0.07123594	0.0716749959999997	0.0711642730000005	0.0705146169999998	0.000957411826189252	1.30815194252542e-05	7.64694967719619e-08	2.10634216929658e-09	0.000535409450344162	0.000259131135013802	9.44697340267913e-05	0.000202912670450818	0.0865680579564314	0.506167330157404
6801	0.056631417	0.132056372	0.092644066	0.0933030049999998	0.0843859960000001	0.074482179	0.072130338	0.0725923039999997	0.0720613230000005	0.0714016559999998	0.00088802719576784	1.16477256112617e-05	7.04580647933289e-08	1.65817443842467e-09	0.000501222474886776	0.000249394161091494	9.33187850500051e-05	0.000142268862118456	0.0852741612003741	0.572326918362512
6901	0.057267782	0.133662484	0.093643906	0.0939343059999998	0.0854185920000001	0.0753855719999999	0.0730167249999999	0.0734843649999996	0.0729482080000005	0.0722828399999998	0.000834299593586562	1.07834434508839e-05	6.56645403717032e-08	1.46079903148071e-09	0.000461638849790011	0.000230018793716801	8.7248167756221e-05	0.000131344739469271	0.083780946588642	0.566441700447621
7001	0.057960309	0.135086099	0.094687905	0.0946244979999998	0.0864954560000002	0.076370751	0.0739955449999999	0.0744493539999997	0.0739704510000005	0.0732506059999999	0.000721909940486737	1.15516159394552e-05	5.61006484481195e-08	1.37397850028723e-09	0.000381315062317184	0.000178368403386068	6.22907618449605e-05	0.000124959446687944	0.0807688040338392	0.380100337941169
7101	0.05871871	0.136246202	0.0958567109999999	0.0953731809999998	0.0876640370000002	0.0774489649999999	0.0750730449999999	0.0755104169999997	0.0750272890000005	0.0743290699999998	0.000688610159579479	9.64572069355431e-06	5.40551444700685e-08	1.0537917236958e-09	0.000359635046595792	0.000165465418707295	5.65149135142437e-05	0.000116210672383571	0.0791468744226917	0.347363252834486
7201	0.059492806	0.137538061	0.097035162	0.0961480179999998	0.0888799970000002	0.0785788589999999	0.0762011439999998	0.0765973669999997	0.0761153720000005	0.0754028799999999	0.000661909970336445	7.51597746302349e-06	5.20319526716224e-08	1.01742540122303e-09	0.000341551475269923	0.000153949646934288	5.07527747299259e-05	0.000114679798191018	0.0785329163491348	0.376065443757208
7301	0.06021919	0.13877734	0.0981493099999999	0.0968724519999998	0.0900127290000002	0.079635924	0.0772427909999998	0.0776391789999997	0.0771486320000005	0.0764322249999999	0.000669393965486589	6.76625182144505e-06	5.2667729738157e-08	8.69102766148111e-10	0.000345902897358413	0.000157715570419094	5.23264800536398e-05	0.000111365893444609	0.0765227525351854	0.379205219897054
7401	0.0609400350000001	0.140068313	0.0992590019999999	0.0976001689999998	0.0911451430000001	0.0807282519999999	0.0782836889999998	0.0786744109999997	0.0781789540000006	0.077462717	0.000583051320583208	6.66204607675178e-06	4.51624740983607e-08	8.42846411620518e-10	0.00029067131621495	0.000128090545814479	4.09333532204946e-05	0.000110688309060509	0.0753585195189826	0.399401739852987
7501	0.0616991800000001	0.141391345000001	0.100446853	0.0983386369999998	0.0923531780000001	0.0819169	0.0793533929999999	0.0797335449999997	0.0792305080000006	0.0785083929999999	0.000588964588805613	6.73578295963746e-06	4.5923980074446e-08	8.20615662375597e-10	0.000295435821430277	0.000130234579377406	4.13336077889941e-05	5.14565742756856e-05	0.075199535193804	0.459302168810755
7601	0.062744959	0.143432016	0.102161284	0.0993267179999999	0.0939885870000002	0.08328375	0.0805270999999999	0.0811061049999997	0.0804948980000005	0.0798655669999999	0.0005700976339008	5.94248647953663e-06	4.45800452220288e-08	6.80579579355763e-10	0.000285621288151464	0.000125686114237064	3.99535379717236e-05	4.55842450324877e-05	0.0748042431826354	0.432182611080817
7701	0.063378325	0.144466443000001	0.103163451	0.0999735039999998	0.0949959910000001	0.084196924	0.0814203759999999	0.0820247359999996	0.0815061500000005	0.0807515779999999	0.000510797696427288	5.94248647953663e-06	3.95291816138537e-08	6.80470932513781e-10	0.000253443293069486	0.000110974835773392	3.51804713355158e-05	4.31933928246204e-05	0.0745032795221578	0.522749652622061
7801	0.063978693	0.145292098000001	0.104104962	0.10057397	0.0959292010000002	0.085076157	0.0822819519999999	0.0828820839999996	0.0823629590000005	0.0816011019999999	0.000477426800341712	5.80218760843622e-06	3.66273906395272e-08	6.55293264773428e-10	0.000233152068864221	0.000100533832018719	3.11622185303612e-05	4.18451592014347e-05	0.0742692163009084	0.493326596904495
7901	0.064586898	0.146223527000001	0.105041297	0.101188615	0.0968833060000002	0.085972277	0.0831586999999999	0.0837573079999996	0.0832339890000004	0.0824679889999999	0.00042568049552919	3.21417719882341e-06	3.18699626181939e-08	5.29432862098925e-10	0.000200236340552338	8.40137698864764e-05	2.48432393614953e-05	4.09994991924309e-05	0.0710996315192459	0.496508171368967
8001	0.065217216	0.147378256000001	0.106007569	0.101820851	0.0978877780000002	0.086893536	0.08405912	0.0846546039999996	0.0841259260000003	0.083363613	0.000424003408379287	3.60378824216001e-06	3.17260965080569e-08	5.09919433377476e-10	0.000197300129327916	8.26514396783532e-05	2.440131509372e-05	4.0319621511719e-05	0.0709328892515869	0.458519182869131
8101	0.065870542	0.148266331000001	0.107000969	0.102486936	0.0989471870000002	0.087842107	0.08506194	0.0855882389999996	0.0850528430000004	0.08428989	0.000392825671345727	2.90773522713504e-06	2.87256175068621e-08	4.78615623254255e-10	0.000177432041812696	7.31653518734109e-05	2.12474382609352e-05	2.57357160080498e-05	0.0707574532226908	0.471177223030676
8201	0.0665166330000001	0.149254632	0.107977727	0.103128167	0.0999483930000002	0.0887799329999999	0.085987899	0.0865038149999997	0.0859633400000004	0.08520896	0.000376147110398214	1.45956624716181e-06	2.75669768219753e-08	4.48186501047278e-10	0.000169538606680274	6.97500644542875e-05	2.03075159458736e-05	2.56633365624112e-05	0.070123586800005	0.502939541272039
8301	0.0672704540000001	0.150069443	0.109186061	0.103894497	0.101060798	0.089801546	0.087011884	0.0874576539999997	0.0870917270000003	0.086179895	0.000352171010402959	1.16560522043964e-06	2.66030012383854e-08	2.78188603423198e-10	0.00016160034031722	6.67271111599105e-05	1.96399062449206e-05	2.56119607021331e-05	0.0700473915299252	0.489444111060821
8401	0.0680097530000001	0.151085335	0.110232783	0.10461676	0.102186631	0.090825203	0.0879709680000001	0.0883942249999996	0.0880273180000004	0.087205263	0.000343714390452035	9.10250497303388e-07	2.58912182110066e-08	2.37348597510222e-10	0.000155998676876047	6.3698849370938e-05	1.83543699653778e-05	2.5238746103257e-05	0.0700024252190464	0.484617467523921
8501	0.0686495530000001	0.15188967	0.111214744	0.105263168	0.103183569	0.0917645749999999	0.0888999600000001	0.0893135909999996	0.0889426350000003	0.088125064	0.000315361282011074	8.39096397922733e-07	2.33741806018905e-08	2.00827543814794e-10	0.000139609709197505	5.60640432101119e-05	1.57709169630726e-05	2.5001739735516e-05	0.068826618334593	0.529767238716531
8601	0.0692864150000001	0.152743366	0.112300595	0.105916063	0.104187878	0.092698071	0.089821866	0.0902295149999996	0.0898519320000003	0.0890376989999999	0.000286744610025639	4.51389691591985e-07	2.09562021845755e-08	1.76563658897843e-10	0.000124960565790267	5.05013767814075e-05	1.44616385356257e-05	2.4980585831642e-05	0.0688293246926397	0.53714931110857
8701	0.0699229920000001	0.15371765	0.113252312	0.106537107	0.105202478	0.093602559	0.09071215	0.0911133839999996	0.0907361400000003	0.089972506	0.000279628296895385	4.88526215801386e-07	2.06052367793536e-08	1.66597955714094e-10	0.00012323449256061	5.0433377966826e-05	1.46960693434853e-05	2.49255864350118e-05	0.0675829700321922	0.605322666122219
8801	0.0704673490000001	0.154447771	0.114080443	0.107082232	0.106053247	0.0944133329999999	0.091501251	0.0919046109999997	0.0915195020000002	0.090755404	0.000255045844076936	3.09136034757366e-07	1.84863284840703e-08	1.36613210595593e-10	0.000107168692737428	4.21322423133594e-05	1.16346898905314e-05	2.48308403679501e-05	0.0674501497729739	0.58608510627246
8901	0.070989499	0.154907933	0.114871667	0.107603274	0.10686119	0.0952039519999999	0.092257198	0.0926576269999997	0.0922729650000002	0.091504513	0.000245372453529846	2.75753643559433e-07	1.82086481030521e-08	1.27183166109014e-10	0.000104636015322838	4.08856990386196e-05	1.11725981919729e-05	1.77092459224711e-05	0.0667522896274126	0.55730551581248
9001	0.071572401	0.155679534	0.115699946	0.108141923	0.107716043	0.0959924529999999	0.093033796	0.0934568479999997	0.0930433750000002	0.092277041	0.000228882832911511	2.75203801950993e-07	1.67846928581371e-08	1.23057383584958e-10	9.71097627866058e-05	3.82838094680931e-05	1.05470507525212e-05	1.56066168772749e-05	0.0655682368486479	0.483756771799387
9101	0.0723639509999999	0.157249037	0.117072048	0.108902289	0.108983704	0.0970826539999999	0.0941190190000001	0.0946899959999996	0.0943249750000001	0.093441428	0.000223184566820076	2.75445998185875e-07	1.6246785630921e-08	1.24068748709659e-10	9.36042738108906e-05	3.65751202007934e-05	9.9245077387158e-06	1.52158929645865e-05	0.0655022579256291	0.532144543430011
9201	0.0729218709999999	0.15803048	0.117902984	0.109490022	0.109814772	0.0979446649999999	0.0948997870000001	0.0955191609999997	0.0951092650000002	0.0942200310000001	0.000205723489577145	1.52612463756209e-07	1.46597230135341e-08	1.00591158079638e-10	8.30061780920004e-05	3.2035485234788e-05	8.65246419816e-06	1.48241950265533e-05	0.0654713831292918	0.572915909887831
9301	0.0734414319999999	0.158958811	0.118701044	0.110007394	0.110626864	0.0986979159999999	0.0956661580000001	0.0962629139999997	0.0958445390000001	0.0949532580000001	0.000186653579475377	1.00725597376624e-07	1.36741684802904e-08	8.40197858584503e-11	7.67274398151304e-05	2.9371967240382e-05	7.82750635568819e-06	1.47667930549311e-05	0.0653783176785015	0.516298109040405
9401	0.073988818	0.159617028	0.11957804	0.110565879	0.111490295	0.0994983819999999	0.0964508410000001	0.0970555559999998	0.0966675210000002	0.0957261720000001	0.00017793530716851	1.07904220310809e-07	1.30071640313266e-08	6.74717852828055e-11	7.23587825728794e-05	2.73073878873535e-05	7.10229174640013e-06	6.0439211797128e-06	0.064424122695643	0.511092835331213
9501	0.074540529	0.160581744	0.120429558	0.111127057	0.112362527	0.100310515	0.0972515270000001	0.0978587739999998	0.0974604460000002	0.0965155950000001	0.000171988610924781	8.67464511694681e-08	1.25343904780933e-08	6.58343102882077e-11	7.00513499697488e-05	2.67547819276103e-05	7.11741254410849e-06	4.19190169395765e-06	0.0643912803026141	0.485301620080756
9601	0.07510747	0.161358949	0.121256337	0.111681167	0.113240877	0.10110099	0.0980404420000002	0.0986422479999998	0.0982344990000002	0.097288071	0.000149341966839037	6.54407911958625e-08	1.085638879588e-08	6.24320042432039e-11	6.00180950055725e-05	2.2678654063009e-05	5.980037370991e-06	3.86996349906562e-06	0.0642772344951156	0.471576059057192
9701	0.07564709	0.162095562	0.122088126	0.11222903	0.114088441	0.101902461	0.0988275820000002	0.0994201859999999	0.0990124550000002	0.0980718180000001	0.000143876128212077	6.10686815803184e-08	1.03588459864062e-08	6.26514937320386e-11	5.76670630511339e-05	2.1964389515189e-05	5.85005033423429e-06	2.06564286224787e-06	0.0636843561285042	0.475999509309891
9801	0.0762132120000001	0.163343993	0.122957376	0.112790479	0.11497327	0.102719716	0.0996349550000002	0.100215173	0.0998080480000002	0.0989071620000001	0.000130698435275758	3.78432034546554e-08	9.05165024383092e-09	5.52304240469699e-11	4.8835160441621e-05	1.78995386036399e-05	4.60758957369826e-06	1.50788940596371e-06	0.063595243871781	0.498595467597937
9901	0.0767661550000001	0.164319808	0.123805565	0.113348844	0.115839139	0.103539333	0.100432154	0.101007608	0.100595532	0.0997022100000001	0.000119493582390025	3.68099968507739e-08	8.03010939123797e-09	5.40016923808846e-11	4.3117968552242e-05	1.56104858036516e-05	3.91381160789998e-06	1.30769818722223e-06	0.063568564518305	0.516049923128265
10001	0.0773278960000002	0.165019023	0.124650723	0.113906412	0.116738075	0.104354237	0.101241251	0.101807005	0.101387062	0.100500423	0.000110605259404498	2.97750692856855e-08	7.34716675691566e-09	5.15060910120446e-11	3.88471684121692e-05	1.36906841124697e-05	3.3043784535958e-06	9.62694996893027e-07	0.0634931097447928	0.52424192177852
10101	0.0779144490000002	0.166009502	0.125564191	0.114487173	0.117682188	0.105204144	0.102082502	0.102640775	0.102208415	0.101386641	0.000103630392434349	3.70026211955394e-08	7.03368197413233e-09	4.05972216143876e-11	3.68033061450653e-05	1.28302623485399e-05	3.05343746186503e-06	9.0780378575297e-07	0.0607451758442609	0.54918175531432
10201	0.0785208820000002	0.166766474	0.126486544	0.115094184	0.118636481	0.10608934	0.102975372	0.103506121	0.10306821	0.102249095	9.16140471501914e-05	1.76242558916296e-08	5.94286692654949e-09	3.16951661019454e-11	3.06325762085017e-05	1.05461184209871e-05	2.46906290434442e-06	8.1193179453864e-07	0.0629018448598533	0.526497602180419
10301	0.0791389030000003	0.167655836	0.127435755	0.115714696	0.11959392	0.106996322	0.103865821	0.104391399	0.103946442	0.103131776	8.11014256674717e-05	1.71962171685457e-08	4.95429862650942e-09	3.00193710253825e-11	2.53083990455858e-05	8.63939151028315e-06	2.05872347961258e-06	7.77565789787658e-07	0.0460914642235753	0.475704263305972
10401	0.0797789280000003	0.168851315	0.12841722	0.116355998	0.120598272	0.10793566	0.10478765	0.105306993	0.104858509	0.104044149	7.8689420676206e-05	1.71967086108643e-08	4.75865937407569e-09	3.0088770259445e-11	2.41230346295727e-05	8.08012358344238e-06	1.85510452919857e-06	7.54559772695633e-07	0.0451964440165837	0.511570635131647
10501	0.0805727450000004	0.170089125	0.12960959	0.117068118	0.121769675	0.10895797	0.105781357	0.106277285	0.105927598	0.105201428	7.26966027117234e-05	1.21322241402232e-08	4.34779229943379e-09	2.24241432286425e-11	2.15948308354653e-05	7.05840514395712e-06	1.58091965811519e-06	7.31798309728439e-07	0.0448571116738855	0.633871562584138
10601	0.0813121320000003	0.171704319	0.13078454	0.117808625	0.123236014	0.110075831	0.106857004	0.107282963	0.107055526	0.106345415	7.28072784435015e-05	9.7658686599984e-09	4.0725647879033e-09	2.14230646971757e-11	2.01214528948907e-05	6.56947889061949e-06	1.47934171899244e-06	7.24185299064363e-07	0.0445814985956957	0.566757747374705
10701	0.0819879180000003	0.172932982	0.131826648	0.118431846	0.124331164	0.110965317	0.107749091	0.10816536	0.108045858	0.107228676	6.42273777476046e-05	9.08054838289365e-09	3.81226357154512e-09	1.83613761254594e-11	1.87928581260244e-05	6.13182823900979e-06	1.3733826049117e-06	7.11197453605723e-07	0.0442859306816749	0.471106625793791
10801	0.0825314910000003	0.173639965	0.132673398	0.118983905	0.125179197	0.111769375	0.108548555	0.108957265	0.108827435	0.108008728	6.36295734568716e-05	7.63340731886682e-09	3.81271574812735e-09	1.65011050193555e-11	1.8741962640528e-05	6.08308173180603e-06	1.34769155945714e-06	5.2033772937203e-07	0.0439478387383403	0.486891256663999
10901	0.0831508930000003	0.174569481	0.133620248	0.11960001	0.126104202	0.112640964	0.1094044	0.109935788	0.109851731	0.108869225	6.18693191602905e-05	5.95999715888176e-09	3.79175263540681e-09	1.53201432309742e-11	1.8703755051537e-05	6.06747573465769e-06	1.32103578450278e-06	5.14449610205189e-07	0.0434253527757643	0.45413677650159
11001	0.0837644540000003	0.175854678	0.134522428	0.120209776	0.127103861	0.113498398	0.110247391	0.110780277	0.110712554	0.109697107	6.00579050294597e-05	3.15886020280623e-09	3.77601177828752e-09	1.17808430694143e-11	1.85864191358337e-05	6.04390544929095e-06	1.31954651849347e-06	4.66286329547477e-07	0.0430980996457438	0.451685340633971
11101	0.0843222520000004	0.176387002	0.135375861999999	0.120764468	0.12796406	0.11433085	0.111042952	0.111573494	0.111511179	0.110496742	5.80006846137054e-05	2.81097516453061e-09	3.60342703557017e-09	8.38650412688145e-12	1.76057498789647e-05	5.65897052557552e-06	1.20381961304423e-06	3.45091259494835e-07	0.0430298860470392	0.444265995309412
11201	0.0848962680000003	0.177006527	0.136259924999999	0.12134442	0.128858163	0.115169901	0.11189686	0.112392691	0.112331147	0.111311357	4.93433108138162e-05	2.74899895753476e-09	2.74954182081035e-09	8.29309749203037e-12	1.32288432641736e-05	4.1771093008921e-06	9.002002256164e-07	3.30961030280242e-07	0.0430087483728247	0.455097333264221
11301	0.0855885050000003	0.177772653	0.137189788999999	0.121942481	0.12979098	0.116137967	0.112754793	0.113305247	0.113285989	0.112212549	4.70194097779051e-05	2.75279222512217e-09	2.50690547163645e-09	8.12375002851042e-12	1.18564797611835e-05	3.60649405384643e-06	7.27000438060527e-07	2.86646181195869e-07	0.0427535160177309	0.444657586291521
11401	0.0861840930000004	0.178438777	0.138097465999999	0.122547583	0.130705291	0.11696298	0.113618808	0.114122115	0.114081515	0.113019525	4.19649422428256e-05	2.29571558224074e-09	2.09086492912896e-09	7.11632299155512e-12	9.77363369359688e-06	2.90384164125622e-06	5.6876255003596e-07	2.65799534397459e-07	0.0424320327182536	0.46161581207483
11501	0.0867542830000004	0.17943381	0.138960995999999	0.123117913	0.131589892	0.117775287	0.114448663	0.114917455	0.114873835	0.113806691	4.14938734024196e-05	2.28711080553961e-09	2.03230649324716e-09	7.03889557693821e-12	9.5887454302738e-06	2.8748810187334e-06	5.68523546613276e-07	2.65516281029583e-07	0.0417717023075203	0.46321591936052
11601	0.0873247370000004	0.180185346	0.139835378999999	0.123692957	0.132484415	0.11873174	0.115371551	0.115749123	0.115691846	0.114628084	3.8854248618045e-05	6.37273202884031e-10	1.75589421982833e-09	6.05065281594819e-12	8.06257392814621e-06	2.33487509899313e-06	4.40727056625726e-07	2.60377433423645e-07	0.0410482433807532	0.468934899484922
11701	0.0879474920000004	0.18116696	0.140787569999999	0.124313543	0.133450771	0.119738016	0.116276119	0.11663576	0.116569994	0.115506759	3.69267125954351e-05	5.93797036857345e-10	1.62802246052233e-09	5.7025292288377e-12	7.40597488083743e-06	2.10404563013232e-06	3.86953645594211e-07	2.58869090443392e-07	0.0408022770571962	0.492941593638688
11801	0.0885938540000003	0.182092383	0.141792871999999	0.124965145	0.134483596	0.120683848	0.117230897	0.117542275	0.117483439	0.116417297	3.52426532912688e-05	5.79492084404401e-10	1.49530004265853e-09	5.47948295442273e-12	6.7749755548196e-06	1.9117529475346e-06	3.52431526621312e-07	1.82109764360723e-07	0.0407235466662	0.464605675425865
11901	0.0892636850000004	0.182858498	0.142728797999999	0.125548484	0.135421686	0.121534059	0.118137801	0.118371207	0.118304911	0.117272098	3.53745040628127e-05	6.18206418722998e-10	1.4967867778863e-09	4.59535649453423e-12	6.79421706217462e-06	1.93016649582207e-06	3.59437604478103e-07	1.76346607032814e-07	0.0407069960753497	0.455239681045874
12001	0.0898198450000004	0.183720037	0.143582089999999	0.126102938	0.136290441	0.122351129	0.118940177	0.119218432	0.119097599	0.118088687	3.47020174457132e-05	3.38770807922226e-10	1.47293794481017e-09	4.34537958713153e-12	6.64294784343227e-06	1.89141409564033e-06	3.5338487490309e-07	1.63647813078737e-07	0.0392675169362824	0.443594009762387
12101	0.0907935280000004	0.185017726	0.144938151999999	0.126989685	0.137558012	0.12359217	0.120301838	0.12043543	0.120436474	0.119249488	3.24807076419893e-05	1.30765461880558e-10	1.50027915736701e-09	3.67392434710432e-12	6.74380807032297e-06	1.93957298457953e-06	3.67489835681171e-07	1.65283113407889e-07	0.0401427708823805	0.489651219592229
12201	0.0914469970000005	0.186139717	0.145770366999999	0.127537155	0.138424549	0.124380709	0.121080358	0.121202708	0.121199544	0.120018737	3.58855516432017e-05	1.29364417949818e-10	1.5086313040148e-09	3.67444518861224e-12	6.78895292792272e-06	1.95888496834093e-06	3.71123709434959e-07	9.61553701097363e-08	0.0399837487353748	0.514508248380654
12301	0.0919766320000005	0.186825702	0.146621911999999	0.128069593	0.139257069	0.125159333999999	0.121844433	0.121969697	0.12196818	0.120775927	3.00277183349839e-05	5.32371509005121e-11	1.57878890920582e-09	3.36463796026195e-12	7.13645160729327e-06	2.08313243112647e-06	3.98910669762367e-07	9.43121266435233e-08	0.0397465026775778	0.601945002391041
12401	0.0925939830000005	0.187576581	0.147552626999999	0.128711702	0.140200572	0.126037508	0.122682996	0.122802834	0.122801368	0.121610735	2.90465928000916e-05	3.60803501803327e-11	1.58925988142222e-09	2.86580843958593e-12	7.15843829608183e-06	2.09315516365227e-06	4.01614346337277e-07	7.82230049838065e-08	0.0263747767161819	0.606955797345149
12501	0.0932526630000006	0.188673607	0.148522534999999	0.129342674	0.141232057	0.12697449	0.123608901	0.123722525	0.123692805	0.122576898	2.41640499768995e-05	3.16246748459089e-11	9.58127596044544e-10	2.74340565865196e-12	4.0408713550813e-06	1.08286526646828e-06	1.88997470055221e-07	6.27208188404625e-08	0.0389421164468839	0.613528098161726
12601	0.0939128900000006	0.189394644	0.149568858999999	0.129995231	0.142241833	0.127931869999999	0.124523763	0.12461471	0.124579354	0.12350131	2.18804865969987e-05	3.08379902252477e-11	9.06087800054175e-10	2.10046934602781e-12	3.72230424614082e-06	9.61869236329888e-07	1.5822034224075e-07	6.1074873336898e-08	0.0388842809700741	0.620911904863247
12701	0.0945585200000006	0.19051256	0.150601413999999	0.13065248	0.143272816	0.128861458999999	0.125412038	0.125502751	0.125634909	0.124537592	2.00234889515177e-05	2.7171354114369e-11	8.37140560189986e-10	1.88602342772335e-12	3.50249885887573e-06	9.40133289404395e-07	1.62904725810863e-07	5.72853112210032e-08	0.0385927105803355	0.579597192942883
12801	0.0952726580000006	0.191846418	0.151684639999999	0.131347352	0.144395952	0.129850707999999	0.126448811	0.126490724	0.126606122000001	0.125593963	2.01655198769984e-05	1.83880581323221e-11	8.20095008150747e-10	1.7425851240953e-12	3.414993583246e-06	9.12012263533121e-07	1.57344807673774e-07	4.9452228887031e-08	0.0385293747851828	0.580325872648653
12901	0.0958508970000006	0.19261191	0.152592488999999	0.13192737	0.145303108	0.130696664999999	0.127280251	0.12734249	0.127453314000001	0.126411648	2.04980908474258e-05	1.83877888951111e-11	7.72218493902095e-10	1.74170128967604e-12	3.17329516479222e-06	8.28812130056197e-07	1.38690513636086e-07	4.83725832443709e-08	0.0385283456347875	0.556168234038993
13001	0.0964544000000007	0.193343302	0.153568310999999	0.132519731	0.146235332	0.131586703999999	0.128133597	0.128195372	0.128298425000001	0.127260846	1.8172131385142e-05	1.71047979918882e-11	7.66044391839539e-10	1.36372735308613e-12	3.1064927685268e-06	7.98248280072477e-07	1.2961928864186e-07	4.10569211359537e-08	0.0381126766927074	0.549289176695843
13101	0.0970428790000007	0.194170624	0.154467722999999	0.133109627	0.147166392	0.132443827999999	0.129008014	0.129037435	0.129134931000001	0.128093239	1.70525987041603e-05	7.13753879981023e-12	6.25821689985677e-10	1.13706302505832e-12	2.49352273832585e-06	6.22609348989915e-07	9.76811237268914e-08	3.87881280577189e-08	0.0372736216894674	0.55343811294971
13201	0.0977158730000006	0.195361011	0.155489881999999	0.133801326	0.148226174	0.133387167999999	0.129935499	0.129949872	0.130071046000001	0.129043116	1.69557253719685e-05	6.7784161223337e-12	5.79635696570488e-10	1.03535793284467e-12	2.29932025173502e-06	5.7399913742651e-07	9.05854270997807e-08	3.86505310958972e-08	0.037195089287958	0.548324898664766
13301	0.0982757490000005	0.196120792	0.156334978999999	0.134340178	0.149068433	0.134198525999999	0.130750601	0.130726163	0.130842627000001	0.129805052	1.71613065990228e-05	6.68643316249989e-12	5.46506436237986e-10	1.03513747457625e-12	2.15055921519372e-06	5.28601641739069e-07	8.16610044363038e-08	3.77058060853728e-08	0.03716156373719	0.552601382646985
13401	0.0988104090000006	0.19679003	0.157145718999999	0.134935762	0.149894503	0.134996751999999	0.131516959	0.131487872	0.131600996000001	0.130555244	1.55578803704429e-05	4.37245584058605e-12	4.93416137734064e-10	9.75291678718549e-13	1.9335240656625e-06	4.72743510608491e-07	7.26414811350317e-08	3.72832733790126e-08	0.033713386227455	0.380772714499748
13501	0.0993792590000006	0.19757357	0.157962152999999	0.1354665	0.150731114	0.135771378999999	0.132283201	0.132248659	0.132355723000001	0.131331579000001	1.41435830131759e-05	4.10598154034123e-12	4.61684772808485e-10	7.81669928846029e-13	1.76882534446772e-06	4.19451899267452e-07	6.15193471161434e-08	3.66941606642257e-08	0.0360776334461269	0.419112518603771
13601	0.100434265000001	0.199033922	0.159311749999999	0.136210184	0.152129682	0.136906478999999	0.133393387	0.133312808	0.133434577000001	0.132504690000001	1.29091263220662e-05	2.69193280567308e-12	4.3109397828219e-10	7.74999557625579e-13	1.65342263974584e-06	3.94487665174413e-07	5.89141594977465e-08	3.65233535960504e-08	0.035558745583023	0.415351794176669
13701	0.101194804000001	0.200006962	0.160489329999999	0.136923512	0.153247015	0.137985856999999	0.134397471	0.13434034	0.134454206000001	0.133502924	1.23355402663499e-05	2.58531599676065e-12	4.0499809542584e-10	7.64970945693827e-13	1.55733125641659e-06	3.74012404484237e-07	5.68428638420336e-08	3.65547376055889e-08	0.0355398883763733	0.422327246717018
13801	0.101816003000001	0.200856849	0.161401183999999	0.137503453	0.154139537	0.138816204999999	0.135207026	0.135209051	0.135262860000001	0.134295424	1.21942982133813e-05	2.58703877133486e-12	3.86905455693153e-10	7.22098576075481e-13	1.47739015724913e-06	3.52415026800598e-07	5.36372379389859e-08	3.65213515905249e-08	0.0351140803738362	0.492160864714309
13901	0.102365707000001	0.201659986	0.162237076999999	0.13805039	0.154991676	0.139614788999999	0.135988328	0.13598752	0.136098058000001	0.135174156000001	1.20906959317732e-05	2.5839048149613e-12	3.86501906155065e-10	7.24898562016216e-13	1.47711408633641e-06	3.52422763287643e-07	5.33557840681969e-08	3.61014268474619e-08	0.0348621873794378	0.488229939381707
14001	0.102925266000001	0.20241825	0.163096813999999	0.138612958	0.155896819	0.140462415999999	0.136803451	0.136796877	0.136900573	0.135971085000001	1.1908802463905e-05	2.62777518576127e-12	3.89512790717435e-10	7.00820288802421e-13	1.50139212798994e-06	3.63148465091289e-07	5.54077302937272e-08	2.48036579883068e-08	0.0348633330405695	0.477973732770439
14101	0.103524402000001	0.203145338	0.164009360999999	0.139201466	0.156800667	0.141358926999999	0.137658546	0.137672037	0.137742533	0.13680746	1.16520745191311e-05	3.16955570851301e-12	3.95650255002446e-10	5.99286207049288e-13	1.52753740355241e-06	3.72057740308711e-07	5.71150347113305e-08	2.36210564925346e-08	0.0346242368116165	0.536204015854394
14201	0.104122656000001	0.204070319	0.165014758999999	0.139861179	0.157761234	0.142210166999999	0.138495229	0.138501571	0.138665797000001	0.137677519000001	1.11983472214133e-05	9.45259571311824e-13	3.48414134360807e-10	5.18493484241631e-13	1.28792327738878e-06	2.93759979392187e-07	4.08471575621056e-08	1.51419985037318e-08	0.0337174606543565	0.540620543862334
14301	0.104685540000001	0.204772479	0.165980457999999	0.140460711	0.158648516	0.143026769999999	0.139310314	0.139341124	0.139489314000001	0.138484152000001	1.0847027332606e-05	9.16813858839054e-13	2.89682982548389e-10	4.72517394592462e-13	1.07249436788244e-06	2.46201171686094e-07	3.53375292268146e-08	1.05387513491925e-08	0.0336909050160572	0.509000303167627
14401	0.105222016000001	0.205340963	0.166812284999999	0.141000777	0.15952534	0.143871985999999	0.140087898	0.14014154	0.140261011000001	0.139253408000001	1.06183652737678e-05	8.66436792144485e-13	2.86955747399885e-10	4.50840159391826e-13	1.05765235556138e-06	2.41075680259578e-07	3.41632159083659e-08	9.94197035101518e-09	0.0326618555957341	0.478523654502436
14501	0.105904677000001	0.206315725	0.167795915999999	0.14164264	0.160591916	0.144801554999999	0.140998178	0.14113792	0.141188084000001	0.140158136000001	1.0431057088411e-05	8.80511900091412e-13	2.68300585207196e-10	4.32909119129447e-13	9.80299883695752e-07	2.21611974971116e-07	3.1137160071267e-08	9.663831222803e-09	0.0326783920979419	0.492472094767368
14601	0.106561532000001	0.207189531	0.168728691999999	0.142357975	0.161616947	0.145712508999999	0.141858388	0.142006002	0.142048066000001	0.141020213	1.03100556755146e-05	7.28646528373319e-13	2.31434389746834e-10	4.35574928082543e-13	8.7432712615811e-07	2.06040770055945e-07	3.05584653690218e-08	9.58958454966379e-09	0.0326773421079346	0.521924493235219
14701	0.107127864000001	0.208010589	0.169574298999999	0.142905029	0.162507452	0.146582589999999	0.142655366	0.142786018	0.142822947000001	0.14182088	1.00267020320759e-05	6.38296461266456e-13	1.91249413818297e-10	3.83711460255717e-13	7.03104108348879e-07	1.57966562268812e-07	2.22040425096752e-08	9.3126029147776e-09	0.03137784464176	0.568916965580756
14801	0.107652277000001	0.208721652	0.170417892999999	0.143440117	0.163331326	0.147360003999999	0.143419847	0.14354667	0.143597552000001	0.142651598	9.62053810328627e-06	6.58932990969614e-13	1.81744377660342e-10	2.7215741360896e-13	6.65967183300311e-07	1.49900533019433e-07	2.11948345925679e-08	9.15625789429649e-09	0.0313338302371749	0.721893537696402
14901	0.108227599000001	0.20965066	0.171270626999999	0.144015656	0.164191133	0.148165369999999	0.144210838	0.144342691	0.144387942000001	0.143458556	9.23354070155699e-06	5.45845603399672e-13	1.56668511411125e-10	2.60166375479974e-13	5.56476260494691e-07	1.17387782966823e-07	1.55967738479776e-08	6.29317732391491e-09	0.0307712620520553	0.625207886428866
