k	rt_srk	rt_esrk	rt_hb_double_inexact	rt_hb_opt_beta	rt_hb_beta_0.1	rt_hb_beta_0.2	rt_hb_beta_0.3	rt_hb_beta_0.4	rt_hb_beta_0.5	rt_hb_beta_0.6	res_srk	res_esrk	res_hb_double_inexact	res_hb_opt_beta	res_hb_beta_0.1	res_hb_beta_0.2	res_hb_beta_0.3	res_hb_beta_0.4	res_hb_beta_0.5	res_hb_beta_0.6
1	0	0	0	0	0	0	0	0	0	0	0.236623060715174	0.16675108339532	0.152418277113095	0.16340748280326	0.225805724930291	0.218129898956517	0.21249688949285	0.209227884169179	0.211570381109543	0.25949189871676
10001	0.176929553	0.643708790000001	0.233302998	0.685904601999997	0.286593896999999	0.262285240000001	0.25703551	0.259419924000001	0.259503729999999	0.256833583000001	0.0887149551442353	0.0571829690901049	0.0539411719413782	0.0586488453238809	0.081673389017413	0.0756616188165075	0.0704838070963624	0.0650014557987202	0.062460089413254	0.0895708447523995
20001	0.356875083999999	1.27524684700001	0.475712003	1.37519578599999	0.581628720000002	0.533555298000001	0.524423215999998	0.530340477000003	0.529748233999999	0.526638878999997	0.0600956880173055	0.0372161587919422	0.0357382495020362	0.0356675398729662	0.0565974021692334	0.0524510611506065	0.0482640160179731	0.0419052277976376	0.0387462003402612	0.0519283046978266
30001	0.540194829999997	1.911895238	0.722161042000003	2.055885784	0.883133977000005	0.810105091000001	0.796349713	0.804183377000001	0.805309400999998	0.801227507999995	0.0430130019474436	0.0286971642931427	0.0263779174276733	0.0278884683800657	0.0379276576679426	0.0336673038268746	0.030873747584803	0.0303840217969295	0.0316262352372437	0.0329552898426028
40001	0.729085220999991	2.56434790100001	0.978868330999998	2.72957116999999	1.19191356	1.095191361	1.077140912	1.086899817	1.090887161	1.085962423	0.0329783835523341	0.0258174318660776	0.0219514700534431	0.023904651809717	0.0309303548584294	0.0288595664385205	0.0283094867997356	0.0283515926637043	0.0274510313307412	0.0341477101604254
50001	0.915573661999988	3.21284783	1.23539095799999	3.38057615700001	1.50019645500001	1.380065771	1.35662042400001	1.37070111200002	1.37596982299999	1.37037963799999	0.026919655165615	0.0236409442519815	0.021325514317929	0.0219898451077738	0.0251976579498959	0.0240664606206781	0.0237991764032014	0.0241223925986437	0.0264901573060212	0.0368443983485262
60001	1.10622657799998	3.86534412399999	1.49939116999999	4.02952460500003	1.81433278900001	1.67105229100001	1.64267382200001	1.66100328100001	1.668800389	1.66344905699999	0.0261828948705738	0.02504057552887	0.0262856218214061	0.0262313484400444	0.0258250654589729	0.0258230797580755	0.0261544518477794	0.0261512901882199	0.0297749340310944	0.0343653019521516
70001	1.30082737099999	4.526748835	1.76858768599997	4.66791939400002	2.13651188500003	1.96765208700001	1.93548761800001	1.95693868500002	1.96815109599999	1.96336073399999	0.0234039252824225	0.0213803113676375	0.0195323258219604	0.0199954009718879	0.0232518526697184	0.0227226844045475	0.0221804438959628	0.0222907655492961	0.0234800180901587	0.0287402951448046
80001	1.49771019799999	5.19514726699999	2.04102407099997	5.28418281800001	2.46125215400001	2.26830111100003	2.23293813700003	2.25761368400003	2.27042349	2.26283873199997	0.0236292620384009	0.0200843803100877	0.0183352819760936	0.0193689271406583	0.023326026197721	0.0221484099030498	0.0215313643970721	0.0217971619759049	0.0222447189900364	0.0246077555093343
90001	1.69504914499998	5.86733507199998	2.31796313899996	5.90794812300003	2.78737096099999	2.57028025700001	2.53248710600005	2.56032216900004	2.57541471100001	2.56709487899999	0.0228553273458694	0.0203784248759616	0.0189163032122759	0.019905471983854	0.0223922705649522	0.0213078459502888	0.0210297890885907	0.0211574320909942	0.0232323612765117	0.0282912228896234
100001	1.89305996299999	6.54747832100001	2.59761056699993	6.51438733100003	3.11523906499999	2.87457719899999	2.83392459800005	2.86585665300004	2.88271387800001	2.87102095299998	0.0220417040581515	0.0212217184886805	0.0204637217131227	0.0203033403906444	0.0211359993578314	0.0211033032373202	0.0215402092318346	0.0224750496132448	0.0249631253207535	0.0279523050914003
110001	2.09054146399998	7.22602592800003	2.87701683899993	7.11127077300004	3.44403380100001	3.17993125799998	3.13625155600006	3.17288703000004	3.19062906700003	3.17762740699999	0.0206161699091325	0.0210203802098806	0.0202733524146638	0.020735817388828	0.0203417572198383	0.0205549448318947	0.020578545046643	0.02107811022126	0.0240628541562453	0.0360767915653019
120001	2.29436710599998	7.93218665300001	3.16313242899994	7.73039638500003	3.783616223	3.49351763800002	3.44561888000007	3.48525206900004	3.50567643600003	3.49097330799998	0.0203812463565904	0.0194137774991714	0.019047441728276	0.0196633515463986	0.0203878055025216	0.0205154801597089	0.0215267761591696	0.0230427714173024	0.0263979463523372	0.0400321065590287
130001	2.49678108000001	8.62621836199996	3.44735756499994	8.34015945400003	4.119094877	3.80448318100001	3.75117345000009	3.79427027700006	3.81676554600003	3.79890198399998	0.0223195369470445	0.0215492384513695	0.0204926216322448	0.020650008793315	0.022744681674196	0.0243070099358541	0.0258889893021142	0.0265857133546805	0.027701027293959	0.0316640590502282
140001	2.69899150400004	9.31810688400001	3.73585583799995	8.96113829900008	4.45464393100002	4.11648159299999	4.06044863800006	4.10787190500005	4.132203582	4.11422823899997	0.020297430425928	0.0184858427023348	0.01763282298826	0.0186049055789912	0.0202737639589956	0.0204650810692004	0.0206423673090352	0.0216144332975885	0.0233113953565001	0.0297919597389483
150001	2.90499114500003	10.025560146	4.02754981399994	9.58154622100001	4.79621572200001	4.42989441199997	4.36998989400009	4.42333247900001	4.46622779199999	4.432771522	0.0197827585010665	0.020417125590464	0.0193714088417945	0.0202637428386748	0.0200689487911221	0.0205351039496414	0.0213296710575153	0.0231995038328092	0.0250985260480718	0.0331973666501612
160001	3.11370005099999	10.7448858439999	4.31978845699991	10.184288973	5.13732226400004	4.74605796599994	4.68208422000011	4.73830225000001	4.78300492799994	4.74660377799998	0.0197153102990953	0.0187271092265051	0.0191885789636396	0.018640156466268	0.0197082930616616	0.0201756896390299	0.0203637287072673	0.0209459513583807	0.0240911330367177	0.0412618547976248
170001	3.32590193300001	11.4738231009999	4.62083846399989	10.787775907	5.48488084000006	5.06682605699994	4.99977692100015	5.062006531	5.10666484499993	5.067423512	0.0214157448624948	0.0226044254555635	0.0207261204878888	0.0215314938888227	0.0215669704189735	0.0223475195301732	0.0234952570249793	0.0258903593957097	0.0280256217654928	0.0330376135710343
180001	3.52725480800001	12.1622724919999	4.90271765699988	11.374447218	5.81658720200009	5.37396033499993	5.30310504900019	5.36856175999998	5.4173130879999	5.37893162499999	0.0195107719915522	0.0206016004205656	0.0203674434714844	0.0197923233535619	0.0194667606551979	0.0193059798597064	0.019667492966328	0.0195876354878277	0.0212323043467246	0.0337394067189675
190001	3.73332206300001	12.872956885	5.1971668019999	11.983832694	6.15647978200008	5.68954810699996	5.61515779600022	5.68572737399998	5.73704266299988	5.69824069299997	0.01772297488463	0.017578411131771	0.0176688398498183	0.0166656866798008	0.0177408918092054	0.0180743719243269	0.0185139206636307	0.0194307949607348	0.0219070152716385	0.027288494921842
200001	3.93708644400001	13.572151259	5.4857216189999	12.557270158	6.4927766510001	6.002023005	5.92355338900018	5.99835436199994	6.05134970899991	6.01315588299999	0.0173929251294716	0.0185886377032447	0.0173628700404322	0.0177235626084548	0.0175395741864671	0.017585515750749	0.0178681731145002	0.0189891005475249	0.021215983885497	0.0336156410775742
210001	4.14011215499997	14.2719891200001	5.77644638499987	13.1385157470001	6.83254363900007	6.31712292900002	6.23577336300015	6.31331049699991	6.36972220899993	6.33017643599998	0.0176582726902482	0.0175083488898155	0.0176428174424034	0.0175340285873308	0.0177871452221416	0.0182508754570271	0.0185797391295362	0.0216260444904132	0.0265578831608132	0.0387027606396424
220001	4.34887159499997	14.9886895490001	6.0741676049999	13.7385247930001	7.17923000100008	6.638583744	6.55355960800018	6.63661916699994	6.69567626699991	6.65297462199998	0.0183609916295651	0.0199371815951343	0.0195956218279053	0.0195597679324047	0.0186570113825686	0.0193089464084232	0.0201615316207958	0.022263282181927	0.0246782245360073	0.0339416359068896
230001	4.55463474299996	15.6942949050001	6.36789330399989	14.326142436	7.52049861400005	6.95485894399999	6.86693922400014	6.95479476999996	7.0159313329999	6.97100749200001	0.0178140623232195	0.0183554660563962	0.018386798147647	0.0187321076652658	0.0180567325030645	0.0182275950473699	0.0186784739291802	0.0191264511211148	0.0204646509296861	0.0290323597723613
240001	4.75893072199996	16.4012797540001	6.66014679099991	14.904843701	7.86092289400006	7.27012991499999	7.17922358400011	7.27066418099996	7.33488523699992	7.28925818500007	0.0178294172809648	0.0184490668742289	0.0179500080744959	0.0186136419405175	0.0180390769175645	0.0183256518932999	0.0184994871391457	0.0190245494222877	0.0201125079281393	0.0310060865513544
250001	4.96133058199999	17.1016732390002	6.94917109899987	15.4939059390001	8.19779361200004	7.58249918799999	7.48960952000011	7.58515312699994	7.65313393699996	7.60601444600003	0.0177201629904656	0.0174855510069985	0.0172862463964132	0.017584462795929	0.0178144447162923	0.0179377899239371	0.0180197889835587	0.0179585275009867	0.0181049462491071	0.0200497734023061
260001	5.16724446099995	17.8112768890002	7.24804840399989	16.0889610150001	8.54060444600009	7.90132675899996	7.80668468200016	7.90746931099998	7.97924653699995	7.92790533200006	0.0179051183010313	0.0193535772748861	0.0185166789905817	0.0189980755520043	0.0183221177498765	0.01878202828083	0.0191130999285672	0.0199503401612116	0.021219997268128	0.0300375044332545
270001	5.37498285299995	18.5065589150002	7.53908573699992	16.6846171960001	8.88226394500016	8.216849469	8.11778816900014	8.22280411699998	8.29935698299997	8.24816874100011	0.0181669484280535	0.0189190504128592	0.0176148287740318	0.0183903570421703	0.018602521470718	0.0188871436252885	0.0195392709006176	0.020403951389025	0.0222733574854242	0.0340630561622275
280001	5.58056175599995	19.1965838150002	7.83109452699998	17.2788389499999	9.22364691300002	8.53284073100006	8.43159976400014	8.54034287499994	8.6214229029999	8.56861127700015	0.0177315395158527	0.0178823089938619	0.0156834174767452	0.0173937491488087	0.0179445495295019	0.0182515170355943	0.0190177023738213	0.0199914874203165	0.0216824075476579	0.0268699499202819
290001	5.78380311599993	19.8838225150003	8.12027802599997	17.8820329840001	9.56151506400005	8.84707368300002	8.7434264600001	8.85724689199991	8.94111144899992	8.88581277500014	0.0180564574464383	0.0176228189810994	0.0167570501756987	0.0173856005618918	0.0180034605491534	0.0179544115426329	0.0179811269833403	0.0180244436438889	0.0181728509901671	0.0201567786448736
300001	5.98613835599996	20.5701515460003	8.40840788099996	18.472469735	9.89795280000002	9.15969189200005	9.05376116000012	9.1717106219999	9.25981419499997	9.2037635490001	0.0174274633947875	0.0173871495852458	0.0160961364557429	0.0166030233572162	0.0172000738901482	0.0170017509563317	0.0170167612062838	0.0172819413857086	0.0181797808923529	0.0259270106419779
310001	6.19928917000002	21.2865252530002	8.71540260399997	19.0740287160002	10.2515329370001	9.48722159900002	9.37978842300017	9.50557506499996	9.59493516399996	9.5330355260001	0.0163343007462868	0.0163863793989799	0.0152950735427193	0.0161530765776622	0.0165476657807582	0.0166550593966146	0.0174087779515339	0.018716954489228	0.021126198080275	0.0259461718187903
320001	6.40437628700005	21.9793100090002	9.005929319	19.6461064940002	10.5910609610001	9.80136105000001	9.69152460300007	9.8207394769999	9.91447250799996	9.85288784000012	0.0175225203334116	0.0175935183631762	0.0161022207587757	0.0171841254616008	0.017948234297404	0.0179917335378151	0.0184427524355313	0.0194823514815688	0.0213438543998035	0.0255210685462916
330001	6.60878944900004	22.6700969840001	9.29743381900008	20.2293240930001	10.93215147	10.116979017	10.00542286	10.1397195469999	10.23492626	10.1708306520001	0.018338165769602	0.0187293463101627	0.0163060945883828	0.0174549523845042	0.0186197216689862	0.0186455121780518	0.0192322480948212	0.0197590545928309	0.0220513855992598	0.025894575070525
340001	6.81251907600008	23.3576231020001	9.58686166600004	20.822859412	11.270506246	10.43151327	10.316562271	10.4556158369998	10.553755334	10.4861702170002	0.017122337276171	0.0175705232331111	0.0158472753101846	0.0163418158555888	0.0176469181382191	0.0183620863446029	0.019450664252679	0.0210408474353829	0.0233589904547965	0.025701618167453
350001	7.02115993400006	24.0715172380002	9.88167872700011	21.4067155560001	11.61542536	10.7506256659999	10.633595257	10.7764608359998	10.8763103790001	10.8156563910002	0.0179026498284652	0.0165591550457352	0.0158252705620031	0.01654740173366	0.0181216159560599	0.018277384016287	0.0189179146449798	0.019917703710055	0.0223809135630534	0.0266449887684341
360001	7.22602844300006	24.773867627	10.173792036	21.9794670030001	11.954409792	11.0651820869999	10.945199558	11.0914222269998	11.1947263620002	11.1343098700002	0.0192889139737377	0.0185352968666947	0.016288630122011	0.0179524684420618	0.019308240900715	0.0197123682130526	0.0199801660225057	0.0209482140659869	0.0228697705414699	0.0256790658619077
370001	7.43622555700006	25.489408369	10.473782003	22.5736774780001	12.3031638030001	11.3891385989998	11.266883761	11.4164072499998	11.5206724510002	11.4589221540002	0.0170667697187818	0.0177917201230973	0.0161058603086778	0.0165006476690315	0.0169330812162947	0.016787683244714	0.0166768477831545	0.016726842117186	0.0173499456060594	0.0190193604406102
380001	7.64265262400005	26.1967591340001	10.768338122	23.1674082910002	12.6459947580002	11.7069790719998	11.582385086	11.7344470729998	11.8428588120001	11.7808009420002	0.0162145441664779	0.0165916332843998	0.0148256544950056	0.015764796573771	0.0163577679960626	0.0165599270483604	0.0170053949603608	0.0177654164325134	0.0181018749700922	0.0216696797214191
390001	7.84741043600003	26.9004652819997	11.0633179510001	23.7598684870002	12.9876282040002	12.0231950829998	11.896601263	12.0531886509998	12.1652083900001	12.1010817900001	0.0179110017947812	0.0164604302184696	0.0154146895811528	0.0163288919201388	0.0178723867244448	0.0179346675750058	0.0181509724287268	0.0189126349444363	0.020177568068312	0.0219486334900875
400001	8.05369978500002	27.5975141879997	11.3563661580001	24.3378881630003	13.3299331410002	12.3410630819998	12.210580427	12.3735630909998	12.4894581120002	12.4224824170001	0.0150615238013978	0.0143203141699369	0.0131568347652224	0.0133565576725513	0.0150494636451219	0.0150832747594419	0.0153496237025017	0.0161743703998719	0.0178389249336293	0.0342130717660581
410001	8.26439823900009	28.3048943359997	11.6576830160001	24.9336062170004	13.6817945850002	12.6651355139998	12.532775002	12.7007978469998	12.8212769210002	12.7493605380001	0.0169572727276884	0.0154205470475979	0.0143004910627814	0.0153421153020954	0.0169351379052237	0.0169922660334241	0.0171630638414929	0.0175123247550351	0.0181772793348624	0.0203605582207256
420001	8.47037482400006	28.9972116099996	11.9504673610001	25.5166602150005	14.0238693010001	12.9822126169997	12.848028791	13.0200967339998	13.1442451030002	13.0703442060001	0.0164659231255579	0.014456084885355	0.0135003132749434	0.0139974357882752	0.0163129178230816	0.0164227987600332	0.0165725359256372	0.0164936955362302	0.0169786950705937	0.0191494122672129
430001	8.67666139300007	29.6936571129996	12.2413321230001	26.0786449930005	14.3650663740001	13.2971965109998	13.16056319	13.3368025689998	13.4640688980002	13.3879150900001	0.0159130953940733	0.014779624239091	0.0138145241010668	0.0146950353498181	0.0158386758518275	0.0159204586046918	0.0163025999316868	0.0168137005194047	0.017432237571675	0.0188453264164638
440001	8.88016302500014	30.3844952159995	12.5297231210001	26.6384530930005	14.7049436500002	13.6122683889997	13.4731302580001	13.6532004609998	13.7822719150001	13.7036776100001	0.0172077948059154	0.0164048658151974	0.0153109879987631	0.0160860916369434	0.0172622909487998	0.0174081354682294	0.017702210743657	0.0178264563571632	0.0181706738313697	0.024033590956722
450001	9.08223849100016	31.0634941769993	12.8145910570001	27.2040826960004	15.0398960600001	13.9225144289997	13.7811350710001	13.9640152359999	14.0966066610001	14.0173113939999	0.0176246537818267	0.0153858151223703	0.0144945035040776	0.0152093228198413	0.017907807560214	0.0181899447393983	0.0185360677219048	0.0184245504431974	0.0186539112878603	0.0241186327635928
460001	9.28551386500016	31.7491845129992	13.1060119700001	27.7904539320005	15.3784369040001	14.2365838669998	14.092761213	14.28049519	14.4173255090002	14.3365654719999	0.0152890956502076	0.014274701493111	0.0130000386296272	0.013736246443941	0.0153827217705034	0.0155893002338583	0.0158798915357755	0.0159135155452703	0.0162833431950398	0.020939133222569
470001	9.48971374100021	32.4376111659993	13.395166435	28.3570352790005	15.7152174560002	14.5500354669998	14.4023534730001	14.5941530639999	14.7349939650002	14.6533710029998	0.0169359996079159	0.0156862710496683	0.0144494173260625	0.0148192330408899	0.0170762031047391	0.0172899576753795	0.0174562856373836	0.0172976983409537	0.0159047755287671	0.0166897805802213
480001	9.69864835200027	33.140453771999	13.692145673	28.9403541580006	16.0618182070002	14.8716118979998	14.7220763020001	14.9161986879999	15.0615939300002	14.9767992929999	0.0160174182696288	0.0146306764123593	0.0133388806944809	0.0142706134044649	0.0160400738859943	0.0161564272863719	0.0163052662692034	0.0163371637457656	0.0163693287357453	0.017260248838936
490001	9.90081435100017	33.823291484999	13.9763180469999	29.5097728940006	16.3981211900003	15.1826672329998	15.029972337	15.227260306	15.3760854900002	15.2909002799998	0.0158308050311672	0.0137809350581617	0.0127751652669301	0.013062987208503	0.0157886473940199	0.0158204035760361	0.0159263649203954	0.0157539321964653	0.0158489273119488	0.0183602061591084
500001	10.1069108100002	34.5125979979991	14.2645605349999	30.0826140830004	16.7378242630003	15.4971789539998	15.340982411	15.5425436779999	15.6941555670003	15.6081583479999	0.0151330807883385	0.0132003442387635	0.0123959454798162	0.0128922774200576	0.0150304903347609	0.0150779883920843	0.0151159330033066	0.0156683083376774	0.0166632020536803	0.0197983388787344
510001	10.3183657060001	35.2222888549995	14.562873137	30.6634369650005	17.0855177590004	15.8190547919998	15.6587151080001	15.8661772049999	16.0208842170003	15.9338892559999	0.0158197196168816	0.0142590247427044	0.0134381127833943	0.0141545676648151	0.0157439221691996	0.0156701512781596	0.015428159364459	0.015488209184764	0.0163600862871329	0.02388617885348
520001	10.5230533560002	35.9173613239998	14.8571950159999	31.2309911940006	17.4272496480005	16.1379861909998	15.973603321	16.186353404	16.3443676300002	16.254482425	0.015662317056743	0.0138452620497313	0.0123850541793483	0.0133902336590645	0.0157843330947593	0.0158903300779202	0.0160843375346989	0.0162834292570221	0.0164559217244904	0.0188570927876144
530001	10.7267575130003	36.6058550719997	15.1450997139999	31.8128005340008	17.7644679030005	16.4510061909998	16.282939122	16.5012320870001	16.6628348450002	16.5708679609999	0.016036634750428	0.0150255885918342	0.0140610891796871	0.0146121553711292	0.0162279444480577	0.016438072727924	0.0166030409935763	0.016423578900496	0.0172667166890699	0.022959532282287
540001	10.9290810430003	37.2874228669994	15.4305979819999	32.3746276380011	18.0994815570006	16.7621675609998	16.589740773	16.811444548	16.9779931470002	16.886907501	0.0150995997577039	0.0131748563565191	0.0123205487255856	0.012703137115514	0.0151009534162012	0.0151282228092264	0.0154848146399109	0.0156902548578833	0.0151715501116524	0.016541146601305
550001	11.1306923370002	37.9694414839994	15.7186929249999	32.939657686001	18.4355579560007	17.0740069569998	16.8975824890002	17.1240340689999	17.2953012310002	17.203759271	0.0141143725542571	0.0118691346598689	0.0111569625700383	0.011736984588631	0.0138921015403197	0.0134913072487264	0.01319206622964	0.0125229834960924	0.0121299639262061	0.0134031816339599
560001	11.3361941630001	38.6616398179997	16.008071129	33.5120685910013	18.7761603380006	17.3890908379996	17.2103231800003	17.4403501479998	17.6142411540003	17.5193688290001	0.0149945254372216	0.0122339260976782	0.0118535765505402	0.0121575479647951	0.0149133789394002	0.0146357114256734	0.0144865121592286	0.0138905698627819	0.0136654226159175	0.0136890643401563
570001	11.5432661670002	39.3602250039998	16.298281871	34.0987561180015	19.1194901450006	17.7071575559997	17.5238282230003	17.7570280919998	17.9340930230004	17.838657018	0.0149137000329135	0.0123440842043227	0.0118314139564188	0.0120221407850195	0.0147444470802718	0.0143107937096847	0.0141010575859093	0.0128609987086446	0.0121029715283389	0.0125941820707305
580001	11.7598263620003	40.0872453269998	16.616333561	34.6935059630014	19.4779636820007	18.0394278929997	17.8512018120002	18.0914301919998	18.2752083680006	18.1948623669999	0.0158950082479252	0.0123540396674005	0.01161026410815	0.0121484407117537	0.0156353279382937	0.0150539569977754	0.0146140186100933	0.0138458626662769	0.0133886066313564	0.0140158712259009
590001	11.9909222600002	40.8592936409999	16.984637315	35.3159743710016	19.8624555700008	18.3947522999998	18.2048355750002	18.4593852909998	18.6643533810004	18.581025106	0.0152303208160636	0.0128861118290927	0.0120197860165252	0.0126241711493942	0.0150441017224446	0.0147745699164327	0.0144371698484698	0.0134506862715163	0.0122117314336475	0.0149870724342345
600001	12.2408187780002	41.7014698400001	17.3821904730001	35.993786488002	20.2816094210009	18.7890505799997	18.6091668360003	18.8852201449997	19.0744962740003	18.9565958969999	0.014286207722065	0.0112835122352342	0.0105053812181078	0.010960334681583	0.0139259094815464	0.0134855763592125	0.0128530082678217	0.0117830624034713	0.0107903491784171	0.0138308116411007
610001	12.4871740370002	42.5357201389999	17.7801751480001	36.6905443780021	20.697204059001	19.1809678369998	19.0121095120004	19.3150231149997	19.4838900610004	19.3292817259998	0.0140805745640461	0.0120545226323899	0.011303424484063	0.0117808745205873	0.0138622283157115	0.0137309840949979	0.0134360349964673	0.0129581694256262	0.012502192729545	0.0117761110951657
620001	12.7352280050002	43.3782047160002	18.178491639	37.3766941610022	21.1154264000009	19.5750048709997	19.4151809380004	19.7436120269997	19.8921815150003	19.700849555	0.0144469417842025	0.0123619422000754	0.0114558901341051	0.0120089817210958	0.0141490458252588	0.0138752773058685	0.0134987699639981	0.0128341125045435	0.0124505404069568	0.0127942988789414
630001	12.9817124510002	44.2146181070001	18.5785148600002	38.0799164140024	21.5325592010009	19.9671868749996	19.8166343480003	20.1726299669997	20.3037055390002	20.0744296259999	0.0143055018300762	0.0114787893493303	0.0109061793946611	0.0111025527328667	0.0137621889526445	0.0133236262044412	0.0129367197402715	0.012221570670154	0.0126157139182342	0.0132087555000098
640001	13.2299545120001	45.0582999720003	18.9799684890002	38.7738170100022	21.9523644180009	20.3630164129996	20.2230107960003	20.6027046549997	20.7128264400001	20.4470123819999	0.0144964668664851	0.0115609771095693	0.0110756492007035	0.0118811404595854	0.01415835882654	0.0137490269466287	0.0132955158405247	0.0124806964255706	0.0134065308498642	0.0129206675412307
650001	13.4763714580002	45.9021786500005	19.3823575790003	39.4409062320024	22.3687172140009	20.7559400739997	20.6261675490002	21.0329887439997	21.1238597450002	20.8193185359998	0.0138147045750489	0.0119721774659158	0.0116174481294195	0.0116497330035697	0.0133201928117546	0.0127237750562899	0.011919422017326	0.0109040624036629	0.00983084547737022	0.0108245031518482
660001	13.7244345850002	46.7534456780006	19.7829295760001	40.1281429650025	22.787181085001	21.1501084989997	21.0308957660002	21.4619627569998	21.5331154700003	21.190831839	0.0147551927761968	0.0121996311261791	0.011472684091836	0.0120421624045112	0.0145008305578047	0.0140878463854261	0.013530500238765	0.0129038820836064	0.0124178373155063	0.0118512321599604
670001	13.9829826180001	47.6278389520007	20.1525742759999	40.8374415700025	23.2226317310011	21.5615013939997	21.4485041410002	21.876935364	21.9317595450004	21.5733100149998	0.014032674299692	0.0108584779631055	0.0102458650449464	0.0106601791982833	0.0135867329344799	0.0130466665788537	0.0123146086153448	0.01149463066718	0.0109249405565003	0.0103827811273833
680001	14.2439639370001	48.5161431490005	20.5072039649999	41.5605060530025	23.6657266360011	21.9777315099998	21.8716365530002	22.2864621109998	22.3261198040003	21.9577587009997	0.013461112412699	0.011062878002979	0.010196294275093	0.0106477884150513	0.0131115177784269	0.012563069235032	0.0119252315876876	0.0110455105277541	0.0109265454559963	0.0121598868459788
690001	14.5044097060002	49.3907946160005	20.8631925869998	42.2779988180025	24.1073223290011	22.394116321	22.2936258950002	22.6955438539998	22.7199109120004	22.3416703069998	0.0144916777112673	0.0109108962134232	0.00994715700311624	0.0105225988681532	0.0140035044496075	0.0132821822064	0.0124247184434581	0.0112684411356067	0.0107446955645575	0.0147863840376567
700001	14.7658713200001	50.2762222110004	21.2212906529996	42.9883378910022	24.5509261400012	22.8124351420002	22.7171856180001	23.1060939199999	23.1156117270003	22.7279189719996	0.0131680165302961	0.00969320544729721	0.00888245709666997	0.00925464705868997	0.0127097266352609	0.011930807198419	0.0110021194745028	0.00971201620811959	0.00924794112221263	0.0167295190079643
710001	15.0164515550002	51.1271154450003	21.6096878939997	43.6816874000022	24.975217267001	23.2124415929999	23.1264068600001	23.5298993709997	23.5211852210003	23.1046167449994	0.0131563426765948	0.0106091340687824	0.00978918218214306	0.0100454119585255	0.0127062875426645	0.0121685239718262	0.0113001333372358	0.0105339277416948	0.00922248648379459	0.00971622664296785
720001	15.2628213540001	51.9538664310003	22.0072483079998	44.3617623610022	25.3917306120011	23.6049549159999	23.528647113	23.9594753099997	23.9325269190002	23.4781033979995	0.012752127137756	0.00975140840327689	0.00880786734662699	0.00930698793058613	0.0122748213640029	0.0117035107244844	0.0108262614143218	0.010093722439049	0.00957147599628895	0.0109589016518611
730001	15.5020028790001	52.7640270340003	22.3940405699997	45.0121834580021	25.794820586001	23.9824751150001	23.9102312980001	24.3628449829997	24.3434059130003	23.8597618169995	0.013410947832037	0.0103986632743123	0.00950475657253444	0.0101976819584652	0.0128481012715355	0.0120406761825964	0.0112076807245859	0.0100744389846349	0.00892465092394553	0.00792208591515649
740001	15.736974072	53.555327758	22.7681433579996	45.6588902090018	26.190450591001	24.349785381	24.2794223150001	24.7499777599994	24.7528190810005	24.2425750129996	0.0131886707375891	0.00992350636209584	0.00919221251604394	0.00972216611802286	0.0125286273947935	0.0116216340297511	0.0106349841496043	0.0094427808776658	0.0086047651658372	0.011872968435925
750001	15.970947456	54.3479763729998	23.1437026919997	46.297381636002	26.5840957480009	24.716970326	24.647511671	25.1351355269995	25.1639702500004	24.6253031399996	0.0133835263866514	0.0106762934410775	0.0096575533992598	0.0104456417533594	0.0127100561880392	0.0119604192910784	0.0110848024598622	0.0103447987198284	0.00994551298768992	0.0128699329304793
760001	16.212477518	55.1678856169998	23.5135550359995	46.9544003890024	26.9863770010008	25.0901708080001	25.0219286370002	25.5253819269993	25.5751690870004	25.0080280539996	0.0127881787516968	0.0103520856434365	0.00944817506023736	0.010215537402718	0.0121524113106679	0.0115387229334076	0.0106102820812873	0.00997041789030705	0.00945836989442855	0.0117542110831231
770001	16.4490618230001	55.9639041189997	23.8925038659997	47.5933296120024	27.3803069310008	25.4595557530003	25.391064112	25.9118836849994	25.9856314080006	25.3912531029996	0.0122039671096559	0.00976572128328418	0.00891545285542197	0.00939273202671572	0.0117818624281972	0.0113016446554931	0.010937348192324	0.0111308508143603	0.0120887662447944	0.0147476219804849
780001	16.6840720390001	56.7638200869996	24.2727378459997	48.2454229580018	27.7743039610007	25.8266908340003	25.7606171580002	26.2998121719994	26.3971439870008	25.7718959789996	0.0132036563667813	0.0092915972633874	0.00849749746269066	0.00935141966423282	0.0123666215756915	0.0114673797389555	0.0103829705195805	0.00944677855129492	0.00841989244830598	0.00851305130392914
790001	16.920904381	57.5659025879997	24.6536143189997	48.8900565150017	28.1714132970006	26.1960590960004	26.1305744150002	26.6877004449995	26.8102738640007	26.1558976179996	0.0127718241739446	0.00967925694492247	0.00875601300757027	0.00944561888127119	0.0124768065095612	0.0120275053839069	0.0114370669363957	0.0109666202766082	0.0103623204592708	0.00968981103262721
800001	17.1642648249999	58.3847246689997	25.0379849159995	49.5342934930015	28.5748934570006	26.5697623890004	26.505011394	27.0806339629995	27.2222565620008	26.5404739799996	0.0125487876690142	0.0100672081479139	0.00901203052703498	0.00975855175710154	0.0119270196800288	0.0109771586477128	0.0100073931595386	0.00897830137579344	0.00796420092437257	0.00836117808004738
810001	17.3989667159999	59.1796127399996	25.4174611329994	50.1825760850018	28.9693407060006	26.9373813220004	26.873637963	27.4701819219997	27.6350393570005	26.9220205929996	0.0117139349157331	0.00928873742697589	0.00796113081075329	0.008655209778547	0.0111153647825371	0.0104323860295305	0.00944346235586368	0.00839459577764725	0.00727744062905158	0.00722962176647994
820001	17.633113139	59.9837425709994	25.7968667769995	50.8358171540019	29.3635834130005	27.3044336950003	27.2431276150001	27.8604562699997	28.0482517680007	27.3025037119997	0.0121162763335168	0.00950668163811807	0.0082813595681051	0.00938970934850639	0.0116559049782491	0.0109469374726994	0.0100443262452023	0.00945907532011696	0.00969234476716223	0.0105753106736404
830001	17.86837797	60.7864531419994	26.1770521329995	51.4867214530018	29.7590884540003	27.6730794250003	27.6139691440002	28.2500615359999	28.4607945980007	27.6824993369998	0.0118840472146661	0.00838357885825578	0.00762274518777056	0.00816690770924196	0.0111393261425236	0.0102217311052898	0.0094361724102472	0.0085154001617216	0.00847818780842139	0.0138046775279197
840001	18.1095429989999	61.6110966319993	26.5599462159996	52.1203530060017	30.1596939860004	28.0438838520002	27.9877568580002	28.6419958779998	28.8721314860005	28.0633959989999	0.0125301109097116	0.00902711496690754	0.00814666112171157	0.00883714958318092	0.01176042142615	0.0108103191819498	0.0099614472641705	0.00891392137376255	0.00773642868163387	0.0077177632534841
850001	18.3450476830002	62.4226886129999	26.9402930659997	52.7532033160018	30.5574466160005	28.4136863200002	28.3583662860001	29.032580557	29.2824115390005	28.4448505849998	0.0118984675933393	0.00873437369782999	0.00786652571300897	0.00849791840525045	0.0112840946286204	0.0101681606299789	0.00908605803378477	0.00817125239887943	0.00768134384489016	0.00930140412155189
860001	18.5821193050001	63.2314803029999	27.3225781099998	53.3838992710018	30.9541767280007	28.7825092840002	28.7277355670001	29.4229800710001	29.6925632730002	28.8261275349997	0.0113580073052013	0.00875255409223853	0.00788400464369554	0.00834101075690793	0.0107350719042018	0.00983497324590861	0.00897896399158641	0.00827689103945289	0.00796425830643799	0.00811106939662207
870001	18.819271976	64.0434682629998	27.7033966069997	54.0275232680016	31.3511920080006	29.1529069180003	29.1004829290001	29.8154071320001	30.1048421490003	29.2047105669996	0.0121915236190022	0.00963831366010563	0.00886345200661518	0.00917157803518468	0.0114456168323795	0.0105403955618684	0.00944272579420529	0.00814197723162059	0.00723944973535567	0.00824827648755689
880001	19.0525123739998	64.8490618490001	28.0844032269997	54.6645899090014	31.7442813890006	29.5195699470002	29.468779753	30.2025310910002	30.5192746110003	29.5869165549996	0.0119940194489747	0.00843563315746492	0.00758815478598185	0.00825294904714459	0.0113216151886849	0.0103021054426984	0.00957213690702474	0.00880610778056861	0.00777635986010832	0.00742708572697293
890001	19.2868461559998	65.645763549	28.4638865449998	55.2892227660014	32.1389852900007	29.8875045310002	29.837621679	30.5897859290002	30.9305643070002	29.9715484919996	0.011406230691099	0.00762473175730558	0.00689629055290812	0.00734140652140624	0.0107114164421588	0.00981036228253116	0.00880202683109016	0.00809051107485372	0.00768850624329409	0.00693728889642917
900001	19.5171305839998	66.4231944900001	28.8335864449998	55.8988587460014	32.5232827900009	30.2454285230003	30.194664087	30.9593201690003	31.3228333740004	30.3569828839995	0.0112471899648361	0.00791366633360833	0.00716882408400185	0.00766138180818223	0.0104948900109396	0.00943583244928547	0.00844101889351962	0.00721583876141532	0.00645859599607511	0.00636453143833989
910001	19.7415699459996	67.1809161140002	29.1961447859998	56.504435834001	32.8982320620008	30.5932248060002	30.540081646	31.3135614030002	31.6971382540005	30.7458090559995	0.0110038423119211	0.00775161846523926	0.00698622558328295	0.00763294462215433	0.0102416448732613	0.00932515265070805	0.00836552920449063	0.00744008929305438	0.00661295258873302	0.00670002169327974
920001	19.9656535439998	67.930483812	29.5582533339998	57.092271304001	33.2717670370007	30.9399378530001	30.883695674	31.6664307690003	32.0710966120005	31.1349488649995	0.0111871609924655	0.00809421450812035	0.00732912566785597	0.0079493452380491	0.0104804183394697	0.00967271670194608	0.00884794145906515	0.00796939945228111	0.00712088273411745	0.00730387576691148
930001	20.1894880159997	68.6850477700008	29.919875256	57.6832420810012	33.6468916120008	31.287028698	31.227888562	32.0196297630004	32.4442748920004	31.5235630529996	0.0108009984185021	0.00785711945730723	0.00722630386232815	0.00766750484906442	0.0101805374434526	0.00932479249402268	0.0086162827223407	0.00776234055362073	0.00702516931320877	0.00671345193251782
940001	20.4136887389996	69.4402447710012	30.281381029	58.2859632180011	34.0210962940006	31.6342063350001	31.5727659870001	32.3724975790008	32.8173432590007	31.9117539679996	0.0108590909028009	0.00743635157761773	0.00672746067098485	0.00720928191744974	0.0100427778363701	0.00914544479272363	0.0082872210190772	0.00729884781990039	0.00689832983528316	0.0072811766127315
950001	20.6404016059996	70.2021150080014	30.6445881350001	58.893830021001	34.3981533160006	31.9846294909999	31.9185670080001	32.7293875090007	33.1922124570004	32.298733621	0.0107303639300682	0.00773897761438381	0.00699936858210827	0.0073116513743293	0.00990244406038237	0.00910330209607221	0.00852791265658325	0.00843879385793653	0.00926275832465547	0.0119366126497213
960001	20.8649694909998	70.9571994060022	31.0077337000001	59.4949300790008	34.7726582220007	32.3340105029998	32.2642280879999	33.0839261890008	33.5675069300005	32.6866443729999	0.0110728012020395	0.00817885561294689	0.00732333602641273	0.00786284689046209	0.0101816225203618	0.00919057600512038	0.00817546884169722	0.00704309640893014	0.00624105059636585	0.00685531029189124
970001	21.0882643709998	71.711493364003	31.3689978640001	60.0930948880007	35.1460865130004	32.6805884759999	32.6085416210003	33.4377333340011	33.9417622270005	33.0757974429997	0.0111814680650764	0.00751394052449496	0.00672894082064566	0.0072070742808091	0.010380807176886	0.00941310504423152	0.00844472628973248	0.00770421864480442	0.00731269753983948	0.00879562120464461
980001	21.3128400049996	72.4718814320023	31.7318317490001	60.6904922780006	35.5222026720008	33.0293682579998	32.9540839160001	33.7927872500013	34.3171429290007	33.4635551729994	0.0102976247379158	0.00716043318891947	0.00641202402741607	0.00689749629300446	0.00948073033656328	0.00864730993318908	0.0078306924694534	0.00723731080455576	0.00687536773621613	0.00871492960442375
990001	21.5368712009997	73.2280806830026	32.0953147380002	61.2816691730005	35.897900611001	33.3771712849994	33.2984525970004	34.1454202150012	34.6917187270003	33.8517434059993	0.0107368902988539	0.00786542659905561	0.00714592311814064	0.00763057555044743	0.0102710534465812	0.00955938632726978	0.00863911899916385	0.00777785280730286	0.00684237985607409	0.0067364664312134
1000001	21.7603043939997	73.9857416330031	32.4593428610003	61.8741187730006	36.2721738610016	33.7250084749993	33.6446570130006	34.4984779780012	35.065282372	34.2408360709994	0.00996095897612246	0.00692416852232711	0.00651006576374229	0.00675004817957005	0.0092056632030234	0.00844876829990484	0.00769915584523579	0.00728738734295317	0.00713760087520364	0.00725665316483292
1010001	21.9827111739997	74.7405065870036	32.8225284680002	62.4784319970002	36.6462447050015	34.0722671449991	33.9893669120006	34.851854930001	35.4392930220003	34.6293015359995	0.0095241581631207	0.00711373021004295	0.00635847028592032	0.00677849538928982	0.00879886526328534	0.00786873340585603	0.00692967046805019	0.00628038086157163	0.00642097182733532	0.00783082903617599
1020001	22.2070977049995	75.4989576810044	33.184721363	63.0898129150004	37.0204694730015	34.4200138549993	34.3349220110005	35.2065304790013	35.8148408140003	35.0167266169993	0.0099635906411888	0.0070689125180914	0.00653314127595675	0.00693321927499387	0.0092555379518735	0.00842884438359406	0.00757391228040739	0.00679137882295681	0.0063405745316708	0.00988480331176392
1030001	22.4316087909995	76.2587792650044	33.546843146	63.6832777670005	37.3943820640015	34.7680078459994	34.6799074700003	35.5600163250014	36.1893424790005	35.4057233209993	0.00971153922046021	0.00718792639078264	0.00658828532045717	0.00681558981240237	0.00902620615997488	0.00819099524903093	0.00731287251407293	0.00635616918159522	0.00606068568388884	0.00635245466992742
1040001	22.6576229689996	77.0265117880046	33.9097388679998	64.2840602050006	37.7698919610014	35.1171898989993	35.0268159040005	35.9142549570015	36.5630855370001	35.7929028329994	0.0088813932355648	0.00641496427398885	0.00583738770554466	0.00618177214453152	0.00806749136190426	0.00724591793101231	0.00654482286866913	0.00598288985240507	0.00593768451619944	0.0056111690715404
1050001	22.8809630719995	77.7958158230047	34.2724834859995	64.8767992990008	38.145585655001	35.4658242929993	35.3721366450007	36.2682069110017	36.9377134630003	36.1815908379994	0.00933404844438476	0.00682333862388787	0.00608660155547524	0.00661205191506076	0.00857055695239772	0.00767997671918981	0.00686789579309438	0.00600118093909997	0.00543329363499969	0.00668222626491244
1060001	23.1056685429995	78.5718343500051	34.6364706009994	65.4855466550016	38.5213591010011	35.8139472519994	35.718644864001	36.6231764680018	37.3140790010004	36.5690889249993	0.00919275702789689	0.00692084730747756	0.00622857503190213	0.00671912997912244	0.00840030588888663	0.00757435227499371	0.00691010873989156	0.0062522460345	0.00601644964124863	0.00670060485802278
1070001	23.3294059899995	79.3384083060056	34.9996943849996	66.0727122590012	38.8963275160011	36.1611506879992	36.0628729160009	36.9762854340017	37.6882756350002	36.9581451299992	0.0098557878251585	0.00684452334762465	0.00632134102087944	0.00667191380749723	0.00908537916547505	0.00826085379389661	0.00748636880980583	0.00670528467639667	0.00648248302264176	0.00710514318442998
1080001	23.5543146399992	80.1058256640063	35.363567756	66.6741271160012	39.2721210430011	36.5090540079992	36.4091484030009	37.3308168830016	38.0651799180004	37.3476043029991	0.00929692578463205	0.00642648747284046	0.00584830933872325	0.00616240438213925	0.00850436187431803	0.00787484393165572	0.00722770737657609	0.00655323168290418	0.00649105018241524	0.00920377543841868
1090001	23.7783583259992	80.8774893650059	35.7270976129999	67.2787232020012	39.6487837990011	36.8576892629992	36.7553025040009	37.685722676002	38.4420788010005	37.7344815809991	0.0094448633215852	0.00689207397909035	0.00619438135017185	0.006382679343442	0.00876031028579631	0.00804579906808677	0.0071219358154536	0.00626885297027506	0.00617958878826078	0.00876997765492313
1100001	24.0021251189993	81.654648994006	36.0937162550001	67.8932696540011	40.024214116001	37.2050110969992	37.1002340720014	38.0401113770022	38.8213563090004	38.1239615609995	0.00947201821111302	0.00660471761710873	0.00602954313391191	0.00630816895943154	0.0086285857936653	0.0077850927691366	0.00692545355870039	0.00609546280553694	0.00554882713684568	0.00698996425708053
1110001	24.2277869099992	82.436787137006	36.4609385910002	68.5025358520011	40.4021209970008	37.5546689799994	37.4471223740014	38.3974996830025	39.1988350870002	38.5130151519996	0.00864943700937966	0.00596013031974793	0.00544606915536647	0.00572352732286931	0.00769554706205767	0.00675578460523682	0.00588641375464645	0.00505663066472608	0.00446432818204449	0.00462779456526606
1120001	24.4522518739992	83.2042275850064	36.8254189670001	69.1110416460011	40.7799787090009	37.9026307469988	37.7925837250016	38.7525235380025	39.5755412960004	38.9017120069994	0.00855551442216682	0.0059416825212534	0.00532783837568445	0.00572782146831321	0.00762385973322976	0.00669275084201776	0.00570373784711193	0.00477599210394323	0.00438952854096242	0.00596052023714503
1130001	24.678093948999	83.9765013080064	37.1889812530002	69.7096091250012	41.157866951001	38.2514931509991	38.1381101380018	39.1063738010024	39.9491441580003	39.2908204459996	0.00853354950874904	0.00582553236322925	0.00540532057978774	0.00575286201058922	0.00765288327854186	0.00679102692880243	0.00589496843408429	0.0050507217520923	0.00464996222306816	0.00601689337507482
1140001	24.9014983789988	84.7368776700062	37.5524717249999	70.3096504260011	41.5323859080007	38.5985483499992	38.4817109080017	39.4602148980025	40.3248661620003	39.6797391569995	0.00889009821419827	0.0066717842947464	0.00606930318282196	0.00627607176509433	0.00819253288615097	0.00752743865312596	0.00664785326855431	0.0059384050943949	0.00535741303053002	0.00560041397843846
1150001	25.1269450549988	85.5051084420065	37.919563864	70.9042576990015	41.9109254810004	38.9504823699994	38.8300760330019	39.8207538170023	40.7100385110007	40.0675611189996	0.00854943642216757	0.00586829068897233	0.00537217052588419	0.00558656566824686	0.00769661023162977	0.00677077554152993	0.00598636071897649	0.00521742663116925	0.00455024732046027	0.0046122687165948
1160001	25.362561893999	86.3099510080064	38.300630314	71.5338441930011	42.3061532240004	39.3194549089991	39.1990387550019	40.2100895340022	41.1208292950009	40.4512784839996	0.00911282336057858	0.00649857182259502	0.00595874867727835	0.00608846543518309	0.00835174165807158	0.00755315273666908	0.00658476314139125	0.00550795211603296	0.00459634465326093	0.00487202951525023
1170001	25.597767867999	87.1109498440067	38.6798639810001	72.1612120200018	42.7006022360005	39.6875438839987	39.5688771730018	40.5968678600024	41.531264374001	40.8356947499998	0.00864910125548871	0.00627517326761761	0.00575190940471469	0.00602043094711257	0.00788688017774243	0.0070407235078106	0.00629712026582884	0.00565423116915908	0.00518003446485649	0.00831171882290558
1180001	25.8309706609989	87.9042620460072	39.0587769369999	72.785800701001	43.0948048030003	40.0553094899987	39.9371124070018	40.9844391710025	41.9405201010012	41.2193663979996	0.00877492575647263	0.00615619350107289	0.00548238409311207	0.00583081292846457	0.00804621351205893	0.00722284638489609	0.00653545539984791	0.0060832456584016	0.00619794247660562	0.00952183135664752
1190001	26.0602852379987	88.6818371570063	39.4322792659998	73.401912284001	43.4811957360007	40.4153504399987	40.2966316470014	41.3596556050024	42.3390672070012	41.6028789669995	0.00859935374077886	0.00567779331586746	0.0050814470002836	0.00549331911731676	0.00787030145021814	0.00704852577442068	0.00623160006428464	0.00535600074951053	0.00519880322682258	0.0116465493470399
1200001	26.2840964459988	89.4461581300061	39.794695561	74.0032765870009	43.856555653001	40.7633305039989	40.6414414830013	41.7147391360025	42.7138275630012	41.9900568979998	0.00869581951533463	0.00584724812770613	0.0055064478626637	0.0056553874148242	0.00791737357397321	0.00685949433536157	0.00600812997897852	0.00535251761592138	0.00498368900679151	0.00601303093060647
1210001	26.5093629629987	90.2063759820063	40.1573590259999	74.6073884240008	44.232839924001	41.1137534769988	40.9893125000012	42.0684743670027	43.0888161200012	42.377123403	0.00786580464500708	0.00546018434218739	0.00497405326004467	0.00519897233924341	0.00715933823232901	0.00620484471355455	0.00534504395982328	0.00465333259280653	0.00421237371315311	0.00498034719426238
1220001	26.7326364829987	90.9581141660057	40.5174949370001	75.2012136290008	44.6062353590012	41.4609726259987	41.3333918350015	42.4226710350027	43.4631550040014	42.7643803540001	0.00811499964900676	0.00599986039560083	0.00533007938669867	0.00577757765235876	0.00732424408674138	0.00657975582687901	0.00575604119945407	0.00515777438909645	0.00501542923078794	0.00514694654788952
1230001	26.9557425049988	91.7102973310054	40.8794540100004	75.792825184001	44.9793836730013	41.8080105379991	41.6779033150013	42.7771113500028	43.8375183770014	43.1525817480001	0.00803530024090732	0.00557519935864301	0.00499219956966255	0.00522537162679439	0.00731611241120088	0.00645081268458422	0.00570775739603185	0.00510457667795623	0.00480240157268534	0.00451157760778765
1240001	27.1810621439987	92.4719233280054	41.2411298510004	76.3895004300007	45.3548953970013	42.156541864999	42.0239350130011	43.1311082180028	44.2122842090016	43.5397976180001	0.00838944171833082	0.00602304796604187	0.00556572423528366	0.0057975370012674	0.00777404662901468	0.00716673669046586	0.00666105039618797	0.0063701854122204	0.00672291802907903	0.00843875194749534
1250001	27.4037488869986	93.2248808130049	41.6015689470005	76.9743180300012	45.7278923230013	42.5032650109989	42.3680733660012	43.4828141260029	44.5853374730018	43.9291485640002	0.00776085536611964	0.00569455173401794	0.00507311927440291	0.00537866005899939	0.00724317514247469	0.00666887499432452	0.0062777786195876	0.00598060070594616	0.00600274608679576	0.00559629518941501
1260001	27.6286107129986	93.9861341910054	41.9641989580002	77.5868667550009	46.1030173860014	42.8514742989989	42.7135560970009	43.8370070770029	44.9610126230021	44.3169558970003	0.00799026953689282	0.00534154746442306	0.00494564633071279	0.00510585168728858	0.00706811694349917	0.00621305316333408	0.00540159601093583	0.00460221952725794	0.0040289263599094	0.00397637950718232
1270001	27.8519632859986	94.7452964930052	42.3261592849999	78.1880026550008	46.4775635690015	43.1989831139989	43.0581662520005	44.1903303790026	45.3367257940023	44.7062219510004	0.00812151739211724	0.00559440790413595	0.00530813700602463	0.00547924232688637	0.00731756049361182	0.00651016118357384	0.00581096346501518	0.00528534259625936	0.00487002100208118	0.0046691998271591
1280001	28.0755154239985	95.5065745630043	42.6887293499995	78.7951827680013	46.8523148180016	43.5465983069986	43.4048214290008	44.544329385003	45.7107624470026	45.0949912290002	0.0078356660910023	0.00557222135913369	0.00510417355706216	0.00519841316098343	0.00700961177093197	0.0062888982743781	0.00569116009117734	0.00516849436569049	0.00534223857507204	0.00754017930395779
1290001	28.2980062139987	96.2593634120049	43.0513272049999	79.3992481280009	47.2266115020016	43.8933126319987	43.7490560700006	44.8971374780029	46.0841567380026	45.4830674850002	0.00746750888025581	0.00529496883127439	0.00482141074201062	0.00505421957371217	0.00667135824481068	0.00587670121115628	0.00516027782754641	0.00458990290623942	0.00470257163310267	0.00581396576183577
1300001	28.5234622049987	97.0261003790046	43.4141966879999	80.0022163830008	47.6032902980016	44.2425853379988	44.0952571390008	45.2512103380032	46.4577660970026	45.8728782930003	0.00759668487405005	0.00531970415764519	0.00484855905398495	0.00510684837590038	0.00689719129562195	0.00617034134142102	0.00551444143145012	0.00498751792077117	0.00445530162311835	0.00481294167495478
1310001	28.747378711999	97.7826445310048	43.775560243	80.5859867250016	47.9781971900015	44.5906133499988	44.4401098740012	45.6056834480031	46.8314741550028	46.2607992480001	0.00750976805205662	0.00559306471670757	0.00511595544905218	0.00549750091916843	0.00676421183889374	0.00601287355618025	0.00532896253865234	0.00485009692138811	0.00469216117439977	0.00635368227599847
1320001	28.978571970999	98.5621693040048	44.1464437440001	81.1811042340018	48.3662775160018	44.9517600899989	44.8002615300011	45.982156092003	47.2272632130029	46.6453233950004	0.0076218379544691	0.00553012288055746	0.00497026977254075	0.00524118579056537	0.0068388783171947	0.00601747369151287	0.00524416133571924	0.004794323965532	0.00467801628359764	0.00605982835856787
1330001	29.213046238999	99.350929994005	44.5246451100006	81.8063500110017	48.7605431050019	45.319063958999	45.1685364340009	46.3699773270029	47.639070247003	47.0297842540005	0.00780030588631524	0.00570111483936965	0.00518924956575522	0.0054486630079679	0.00705442826678939	0.00623961136290344	0.00553243913026674	0.00497330074695178	0.00438139192367653	0.00580220319856745
1340001	29.4469187559992	100.146754658005	44.9025456020009	82.4113718380018	49.1543029610019	45.6858969549991	45.5357125530011	46.756027465003	48.0491770830033	47.4142479070004	0.00762381642512546	0.0056066481801482	0.00537998569968077	0.00540218463564448	0.00705450909247013	0.00663920674042361	0.00645885221432739	0.00657226540188931	0.00718407307961201	0.00936916274347509
1350001	29.6804270829993	100.941926163004	45.2801986980006	83.0120916690017	49.5472950710018	46.0531722919993	45.9033408040011	47.1434414740029	48.4603535110037	47.7994294290001	0.00728940841954673	0.00526304104284418	0.004715552050911	0.00498031671668337	0.00670078505271111	0.00600073328209582	0.00539483623576306	0.00484638650571951	0.00464928501605102	0.00652595074523504
1360001	29.9152717409995	101.736621491004	45.6600843830004	83.6213959810012	49.9424047210012	46.4201309299994	46.2716841850012	47.5309877090026	48.8700960010036	48.1845360200006	0.00696433905329834	0.0047333817316886	0.00437581125780423	0.00461203957442702	0.0062472514480266	0.00554355065045036	0.00492929649300527	0.00446062126035087	0.00453739785610337	0.00761044525970318
1370001	30.1498311629994	102.533305731004	46.0383257340004	84.2362198520007	50.3370329020015	46.7867653799994	46.6414193890015	47.9162126310026	49.2794966300035	48.5695674820005	0.00725558487269787	0.00510050739753398	0.00453813267186069	0.00481103774776043	0.00650603462508443	0.00577655855209279	0.00509882231003443	0.00456640226083222	0.00429298259235435	0.00489346347062805
1380001	30.3867686999993	103.338854068003	46.4166237190003	84.8430216760005	50.7332782190016	47.1563367379993	47.0157491930019	48.3041787910029	49.6894705280036	48.9538126240006	0.00667622698953199	0.00494945543482559	0.00450456415567974	0.00470460213251075	0.00596770133395893	0.00524333561121784	0.00466661060097628	0.00416185623708896	0.00358675303872103	0.00402616284288541
1390001	30.6204987379993	104.129134928003	46.7946665150005	85.4450356380011	51.1251310610017	47.5218148909992	47.3833119110017	48.6899974510029	50.0994392250034	49.3383256490005	0.00659470973076186	0.0050667286080265	0.00454875735200493	0.00480990142471559	0.00601372173894397	0.00541403855975416	0.00492846052745815	0.00452394509330565	0.00396489365890031	0.00452047276998002
1400001	30.8548827079994	104.919700578003	47.1728758620004	86.0628524300015	51.5188982830016	47.8891160339993	47.7517455440014	49.0763176720027	50.5100277620038	49.7231606290002	0.00682510792769773	0.00498981559756602	0.00447969874480469	0.00478644973420806	0.00611117124623438	0.00531250332372694	0.00462965977018049	0.00404861828019059	0.00372885933778911	0.00449577167452705
1410001	31.0889597069992	105.726965866003	47.5507764860007	86.6767319900018	51.9121982500016	48.2556357879995	48.1199104550013	49.462526977003	50.9211923950038	50.108194355	0.00650807671242421	0.0048531182156158	0.00448910181692056	0.00468523371869418	0.00589854417302159	0.00517803988477266	0.0046025978979694	0.00417247087257645	0.003840916737894	0.00440396251645262
1420001	31.3163252869992	106.511406378003	47.9185034590007	87.2800683410018	52.2946480980017	48.6097866899995	48.4731810130013	49.8268727430031	51.3070613140038	50.493366494	0.00679798105824607	0.00498459164388382	0.00445440134883644	0.00478960994305157	0.00620508716767419	0.00557198630292673	0.00508805911665034	0.00492689062608715	0.00478209967858968	0.00549454749815064
1430001	31.5390827959991	107.281553191003	48.2793551180006	87.8712251830025	52.6687053330018	48.9571737049996	48.8171235340013	50.180239573003	51.6814471760036	50.8795698859998	0.00718013374106004	0.00564172278598527	0.00518688059219826	0.00530480054404861	0.00658161891751304	0.00595747671122663	0.00550527739269291	0.00503231757739932	0.00472754609576584	0.0049097759864123
1440001	31.7624446989991	108.035213772002	48.6402850330004	88.452330830002	53.0429416220019	49.3041512259995	49.1609486630013	50.5325790320031	52.0541793980038	51.2687780170001	0.00678284876071709	0.00494977446475833	0.00434059868724286	0.00470548571544979	0.00612846947434716	0.00545656323952608	0.0049442108957217	0.0044006830487729	0.00396671030993485	0.00428163754280506
1450001	31.9853177579991	108.785516816002	48.9999394299999	89.0282226440019	53.4164245350017	49.6502880219996	49.5048895270014	50.8856387320032	52.4270572320036	51.657106294	0.00654976173093763	0.00517334134049899	0.00467744552623689	0.00495494907623829	0.00599123624502442	0.00544997852742817	0.0051163166499284	0.00484185962457074	0.00530426754128686	0.00649337357031008
1460001	32.2164611419992	109.563512149001	49.3654770829996	89.6183683370023	53.7987733550019	50.0027593269997	49.8552070520015	51.2419668390032	52.801941814004	52.0449262080001	0.00697039101682903	0.00533493162758185	0.00478937521975542	0.00508884166243166	0.00642597841150597	0.00582728763458753	0.00539723256663601	0.00509462939798592	0.00499763671296514	0.00579033399866068
1470001	32.440295998999	110.314887172001	49.7273092629996	90.209318294002	54.1728135540019	50.3497079999998	50.1991516080018	51.5958179330034	53.1732573400038	52.4338876610004	0.00607014754672999	0.00445628955514267	0.00401451188897165	0.00422644043621199	0.00549055235037763	0.00490824573939651	0.00451752332819052	0.00430822029299685	0.00480794694907675	0.00818569885402424
1480001	32.6641072599989	111.063304648001	50.0859209569994	90.8007942100021	54.547173261002	50.6968058739996	50.5430011330021	51.9478723910037	53.5455659870038	52.8211966520002	0.00591230144715403	0.00434386603245283	0.00396962404946533	0.004303714528551	0.00527924129899017	0.00466213140178877	0.00414609227263675	0.00360364402513902	0.00362373803571136	0.00369398510594444
1490001	32.8888725669989	111.819999341001	50.4474715189993	91.3813260690021	54.9217298830018	51.0444863089995	50.8882787640023	52.3013668920039	53.919570356004	53.2090690210001	0.00614029221916924	0.0040001102896124	0.00361147635812633	0.00383470227697462	0.00540296376952465	0.00466753366795296	0.00404100697144194	0.00346202934646127	0.00308993526127185	0.00451666232275592
1500001	33.1117997889986	112.570278697001	50.8083629639992	91.9577308230017	55.2951154840018	51.3898709919999	51.2316672510024	52.6525308860042	54.2919191680036	53.5975154630005	0.00580529892728021	0.00421246456824289	0.00380502609107924	0.00402170712850031	0.00520356750594794	0.0046248920828021	0.00417654846959212	0.00368528762650467	0.00345226591845681	0.00405587689639534
1510001	33.3355350959985	113.322837582001	51.1696620499993	92.5399788800015	55.668893809002	51.7367773499997	51.5762059440024	53.0056003410044	54.6650554440036	53.9872556220005	0.00566079196364958	0.00424201961531295	0.00381691316026937	0.00403577596350829	0.00506321397620155	0.00450615271268314	0.00409943580194647	0.00374344170790891	0.00351298864053476	0.00432343781611323
1520001	33.5585751119982	114.077279307001	51.5307251979995	93.1051855400014	56.0426825630021	52.0839199109994	51.9211397190021	53.3595837110042	55.0385605340034	54.3764310770007	0.00573423457532115	0.00426450755738437	0.00394613391498356	0.00421051316502581	0.00511478024136123	0.00451675586116631	0.00410551228525213	0.0041296340998626	0.00436029298625015	0.00469279738747825
1530001	33.7829603339983	114.835398361	51.8914917999994	93.6828035980014	56.4184065420022	52.4318348299993	52.2664895520021	53.7153722200043	55.4128668900034	54.762966241001	0.00578582288043794	0.00413796675736136	0.003724456842495	0.00395126464213701	0.00514752328541373	0.00449312064612362	0.00389012182644824	0.00329993929605141	0.00288562496141206	0.00390490210863799
1540001	34.0064546929985	115.597850792	52.2536251189995	94.2536441950008	56.794111027002	52.7800901169992	52.6116588730017	54.0694042820042	55.7862622540039	55.1529771650009	0.00596673998539016	0.00422674778732224	0.00379255698066693	0.00401809279075928	0.00534138305788514	0.00476324507003368	0.00430766348726419	0.00372515602501795	0.00347178003425354	0.00386034801784561
1550001	34.2297723429981	116.350533784999	52.6159272939991	94.8211669050002	57.1674280710023	53.1277915319988	52.9563901130014	54.4220372180041	56.160050676004	55.5431392330012	0.0062482212040027	0.00461269988820383	0.00421263072199823	0.00444285998797514	0.0058173904257075	0.00538871206425249	0.00519867829466	0.00515242831875122	0.00579880873430466	0.00694603352188927
1560001	34.4541446699979	117.108927649998	52.9778234979995	95.4073052200004	57.5423413060023	53.4763251559991	53.3023485710013	54.7758281070041	56.5348380540041	55.9296081360017	0.00598316417688978	0.00422851354682008	0.00385188153915552	0.00404863517850448	0.00526041510120458	0.00454563214991506	0.00395351861472903	0.00363799012002626	0.00470580209945345	0.00582807460629517
1570001	34.6773334629984	117.864929752998	53.3384217489997	95.9746441880003	57.9166303210023	53.8233899849993	53.6475507370012	55.1304357600039	56.9079001340038	56.3154986590016	0.00581585854690218	0.00398526808984721	0.00365739800217935	0.00388396532331495	0.00518390460626376	0.0045962048786824	0.00414756342438523	0.00369002852747422	0.00364608246025519	0.003556505503343
1580001	34.9006054439987	118.618224465998	53.6996907129995	96.5477427670001	58.2907813990021	54.1705159829992	53.9915797940013	55.4815879030039	57.2802449350033	56.7054842850016	0.00583141114195922	0.00425682992718587	0.0038354018636609	0.00410504257977868	0.00512985827356603	0.0044449347192001	0.00391382347769211	0.00348931073364338	0.00333489481838528	0.00317516227958066
1590001	35.1251876589989	119.377874350999	54.0629326799994	97.1358848630005	58.6650339730024	54.517670888999	54.3356788750015	55.8354053360036	57.6550108450033	57.0948868840019	0.00589744322280364	0.0040650602802617	0.00373715092769139	0.00395373069294508	0.00516820065563851	0.00446408562097896	0.0038335351155809	0.00353937804607899	0.00350019510524796	0.00397833022955433
1600001	35.3473778139987	120.136753410998	54.4236359459996	97.7013670160006	59.0387738090024	54.8639102909987	54.6795278340015	56.1883810860032	58.0301942730033	57.4823517480021	0.00604214298477995	0.00432719437130833	0.00392478839446255	0.00420248592713612	0.00560147965669206	0.00527026467241451	0.00506625805635122	0.00522099898264273	0.00594762708138616	0.00866391240604076
1610001	35.5710425209986	120.896829549998	54.7826675309995	98.2768628060001	59.4130198390022	55.2108196719989	55.0232837200016	56.5414946060031	58.4029044560033	57.8704254460024	0.0056688364737731	0.00420562830414034	0.00379256169545186	0.00407221323995444	0.00508474399281266	0.00463212688595717	0.00437342807774684	0.00395602133271407	0.00436329285658568	0.00598439950757287
1620001	35.7977988349985	121.674294667998	55.1444004129996	98.8539318689994	59.790459850002	55.561524089999	55.3695197750017	56.8954979350031	58.7767751170036	58.2581095710023	0.00575176069857192	0.00426765312074473	0.00383603401983036	0.004189025866648	0.00514841832991113	0.00454385557518546	0.00430133745682799	0.0040007427897919	0.0039466039216344	0.00439997133100312
1630001	36.0205827929984	122.431697117998	55.5053312029996	99.4249797069993	60.1636151990019	55.9088284119988	55.7138440300014	57.2478640610027	59.1499733670035	58.6446147960022	0.00571057298108969	0.00410555078988951	0.00365814524725932	0.00389448400407393	0.00506380972323895	0.00448685619227119	0.00398040709907232	0.00357505361864866	0.00422109759555349	0.0063507121389839
1640001	36.2505410079986	123.208850350998	55.8695100529994	100.007913255	60.5438827320019	56.2596125559986	56.0621957610012	57.6038040240029	59.5260781130036	59.0329603950025	0.00585499181175416	0.00423538743424701	0.00383906206818612	0.00397362567057066	0.00515356978207852	0.00452158648478581	0.00400187380589919	0.00378583456395742	0.00438543263344111	0.00696632472672835
1650001	36.4767697409984	123.986598100998	56.2338326949993	100.591636039001	60.923315713002	56.6110518049991	56.409370260001	57.960237970003	59.9015865430035	59.4224683190022	0.00538958498349603	0.00379806472555748	0.00348013962899753	0.0036154565452284	0.00471811539627182	0.00409545187999943	0.00356048294870089	0.00336605142230691	0.00348481367064092	0.00502989215411862
1660001	36.7109414199984	124.784070983998	56.6110939469989	101.187555238001	61.3153272170021	56.9753120849991	56.7728160750011	58.3397691270034	60.3043479140034	59.8084058340022	0.00557915556913817	0.00417210325370662	0.00375339726962201	0.00403105349420786	0.00496077993517624	0.00446844690831291	0.00401432701347549	0.00356287796748641	0.00343026455457555	0.00421908913839927
1670001	36.9465825179986	125.583607355998	56.9890427779987	101.781402847	61.7106345090022	57.3431127409992	57.1422619500011	58.7267672240032	60.7154001080034	60.1927952900022	0.00570959885976296	0.00404171368975056	0.00374208839429984	0.00393316556230757	0.00524098363796073	0.00473262413284583	0.00414555987982958	0.00338237122859054	0.00319426842540334	0.00355816453029504
1680001	37.1817860099984	126.376968470997	57.3690234749988	102.387767668001	62.1061511040021	57.7106591999991	57.5120755330009	59.1147078740033	61.1258773650037	60.5779106890022	0.00534723793917012	0.00383958339904045	0.00349309447124997	0.00367330839604982	0.00471978038298495	0.00415859140017844	0.003647635064258	0.00319111146271589	0.00299294418766221	0.00393081705771962
1690001	37.4149172669985	127.166336012998	57.7479136469987	102.979030182002	62.4997128470018	58.0772765289989	57.8800828310011	59.5011958200034	61.5366919700037	60.9630166010018	0.00543488030458732	0.00390786791635576	0.00350001072886938	0.00379143047514825	0.00484864970625084	0.0043265877870442	0.00380619223756681	0.00317798804710652	0.00300663471659543	0.00416767279317651
1700001	37.6499277099985	127.965356960997	58.1258807519987	103.571000407003	62.8952717400019	58.4455387839989	58.2493779180013	59.8868239900036	61.9470938740037	61.3485039920018	0.00531581481329745	0.00391868431960594	0.00350303307294493	0.00370926071265562	0.00471035588995703	0.00416685563826528	0.00363479765327008	0.00327217201611252	0.00308993042682952	0.00371533487651778
1710001	37.8851273599988	128.767979192999	58.5052579279987	104.166487844003	63.2899971060018	58.8145526509988	58.6189367990014	60.2735243670037	62.3573972450034	61.733597914002	0.0054819432555639	0.00396546601550784	0.00371363273314744	0.00380981774470031	0.00493788342021981	0.00447505006171523	0.00404952337571534	0.00381994165157108	0.0039482185068553	0.00390007057925145
1720001	38.1186413249988	129.556000393999	58.8830589069988	104.762328007002	63.6827579910017	59.1795054749988	58.9864315840014	60.6579998090038	62.7680487810036	62.1184940930019	0.00503705934653724	0.00364777410776537	0.00329310552286694	0.00348977494371161	0.00454446238687909	0.00416025407112402	0.00374711897101568	0.00352386124645114	0.00395456450621013	0.0057348074315313
1730001	38.3448771759989	130.321250626999	59.2492918189988	105.332424130002	64.0614904150018	59.5325869549991	59.3368942370013	61.0193432740034	63.1508419020035	62.5062002520021	0.00533144906340183	0.00397740031110637	0.00361769132195815	0.00376273856318776	0.00475483959213442	0.00430757250823929	0.00358396848168262	0.00327906959291154	0.00307413847058287	0.00391243643591916
1740001	38.5672825969986	131.070106577997	59.610776140999	105.901167299002	64.4356026170021	59.8800658399991	59.6804763060013	61.3715198120033	63.5224477290035	62.8947346610021	0.00501654741242953	0.00370706139368716	0.00339040558995212	0.00354163099917684	0.00456519015659959	0.00421158491448587	0.00378041022486316	0.00330788958754686	0.00297783048337977	0.00350196823560166
1750001	38.7914000189981	131.830223839997	59.9712633399992	106.466501881002	64.8098063310018	60.2270575219992	60.0234044610016	61.7236702720038	63.8936884870036	63.2814414460017	0.00490682332597737	0.00356726697072137	0.00321800435978746	0.00345869540204261	0.0043870141755735	0.00398385041770629	0.0036446127537935	0.00363077764619171	0.00444944077953025	0.00566082061259869
1760001	39.0131661539982	132.582644646999	60.3322142769992	107.035085907001	65.182647419001	60.5727351849988	60.3670607270014	62.075564920004	64.2639789080038	63.6705095120019	0.00518063034122303	0.00394872473608656	0.00362864118226534	0.00385601383798151	0.00467955684970432	0.00427845054987295	0.00396747927771943	0.00412500391827839	0.00570463361579719	0.00918115111787869
1770001	39.2356624909983	133.335201915	60.6926435149993	107.598468882002	65.5562723340014	60.9201922829988	60.7116156360015	62.4284981930039	64.636992013004	64.0580802010022	0.00519921042576049	0.003950698949279	0.00378814526845218	0.00382574341624332	0.00476170717983136	0.00439544560980874	0.00407261907016244	0.00410676774638276	0.00517726876059323	0.0106523643673618
1780001	39.467027274998	134.100797592	61.0535459269992	108.157591170001	65.9330120910014	61.2691616249987	61.0653279140021	62.7820285130037	65.0093283220041	64.4443188130021	0.0048981679322463	0.00347043934436916	0.00318803267961518	0.0033626200521202	0.00429610466203266	0.00374738912482663	0.00330519262628652	0.0033096860142082	0.0041307144724058	0.0057186213802565
1790001	39.6913568869979	134.859174406001	61.4151875519991	108.716326182002	66.3073737390012	61.6159616149988	61.409994568002	63.1350429590035	65.3825843180038	64.8336115820018	0.00475093777675517	0.00342516402638038	0.00328145342593581	0.00332045425589804	0.00427936078656675	0.00382382355413174	0.00340008671503008	0.00327168123404913	0.00387279426791336	0.00515591544900321
1800001	39.9165910359975	135.616188517	61.7765131489991	109.278363153001	66.6823385090011	61.9631144039989	61.7542656230018	63.4892417850035	65.7548922940042	65.221895150001	0.00490802208524046	0.00349949541453748	0.00323193159872193	0.0033887948030988	0.00437334353080388	0.0038786610448621	0.00336772979285452	0.00306034970137911	0.00307380170086046	0.00387976579812892
1810001	40.1396509599977	136.370929106001	62.1382556629991	109.841245934001	67.055603341001	62.3106418019988	62.098167547002	63.8424653040034	66.1281683650042	65.6097565810018	0.00477408623087541	0.00363509912589351	0.00325610758271881	0.00349888904415498	0.00428730405371803	0.00401375833091901	0.00342794930872911	0.00299220586973546	0.00303831620565255	0.00384808584917998
1820001	40.3636500889978	137.133115437999	62.5010478589993	110.405077532001	67.4314245800013	62.6591580999985	62.4448238000021	64.1971607920039	66.5019617810047	65.9981383720014	0.00504034293096566	0.00372016689545145	0.00343433163092488	0.00355358537211926	0.00451673962916404	0.00401916093410228	0.00351433307471831	0.00325594609970423	0.0033310934088024	0.00371085895932692
1830001	40.5862374879977	137.892191087	62.8613271169995	110.966094405001	67.8064893700011	63.0069743189985	62.7882924700022	64.5498408580042	66.8747190780042	66.3857544380015	0.0048393390914179	0.00359039939033045	0.00322861267567716	0.00345070032137762	0.00434256985501068	0.00389817151934351	0.00339785591809999	0.00309969042638333	0.00371777812192989	0.00480847417209565
1840001	40.8195109369975	138.679995214999	63.2262047599998	111.546672829002	68.1920383170009	63.3617441379983	63.1390442630022	64.9080648330044	67.2486601390044	66.7698230470015	0.00488738021803173	0.0035717718266776	0.0032581772417396	0.00340876167510209	0.00437288780590842	0.00389957493292278	0.00342997995877906	0.00331384337101588	0.00343396927757003	0.00388796338311537
1850001	41.0495032099975	139.465346163999	63.5836591629996	112.111197385001	68.5736601850004	63.7137599069987	63.4901880080022	65.2698718950049	67.6228138650043	67.1524621050014	0.00502913686864263	0.00412573382904966	0.00390075479172874	0.00394016840344975	0.00464610533018004	0.00432681520299888	0.00428694517637887	0.00451957626211311	0.00482814477362745	0.00508083126410403
1860001	41.2760523959977	140.239657014999	63.9455768749996	112.689265821002	68.9522005260003	64.063855917999	63.8369027590023	65.6262141010044	67.9997639090044	67.5399812970009	0.0048188783701187	0.0036474667245043	0.00329582504070326	0.00351751504597853	0.00429989971425895	0.00385028455045046	0.00348112370114039	0.00354533592043192	0.00478454519683259	0.00713909315505973
1870001	41.4990220959977	141.000016658998	64.3059157199998	113.264980821002	69.326067207	64.4105892319986	64.1809268150022	65.9782508070037	68.3707520170046	67.9280200280008	0.00476829552438613	0.00373422235838353	0.00339773738053118	0.00363136131072815	0.00447342665332852	0.00421462655427268	0.00382891679904221	0.0036151365907585	0.00358126856200946	0.00396442588653064
1880001	41.7251432789978	141.763211390998	64.6680863359995	113.843693544001	69.7022499380002	64.7584551099984	64.526630920003	66.3310882200037	68.7440643410042	68.3149766610008	0.00427592585982383	0.00338245520354447	0.00313667799107841	0.00329371847445445	0.00390899811080543	0.00360279140389041	0.00328845659837972	0.00321167830384443	0.00359496190846961	0.00438972864847338
1890001	41.9488091169978	142.522283798999	65.0289089929994	114.417300446001	70.077194755	65.1072069309992	64.8713218370023	66.6839587760038	69.1177928010041	68.7020993170008	0.00450055274250052	0.0033188014817814	0.0030015827859804	0.00320767688699169	0.0040406463206475	0.00363866773063229	0.00347395461772991	0.00357655631071997	0.00446042991203525	0.00648820552475635
1900001	42.1716572849977	143.284497968999	65.389769881999	114.988455934001	70.4509009159993	65.4533333649991	65.2160232800023	67.037043398004	69.4923250470042	69.0907096650003	0.00472498849540043	0.00378919976101216	0.00343377315736579	0.00350882463244831	0.0042764601643728	0.00388230741330623	0.00359272989302524	0.0039636097237084	0.00438298826570875	0.0051729761431753
1910001	42.3966070559977	144.048591737999	65.7506158589993	115.544987492	70.8259934639988	65.8014942889998	65.5615281400033	67.3907616870027	69.8644108930039	69.4783695659997	0.00433620013101154	0.00334612707437491	0.00307747361443814	0.0032420553150515	0.0040087233128982	0.00365673711568997	0.00327326300836535	0.0030845985341363	0.00321872026497112	0.00360220643522209
1920001	42.6190152039976	144.810649395999	66.1122162149992	116.111839142	71.1985312239977	66.1483394299997	65.9049013370037	67.7424326730019	70.2367389310037	69.8671833689988	0.0045981357340135	0.00323157094613869	0.00295883924760557	0.00315347269711166	0.00410468229705695	0.00363487881225729	0.00313729375956655	0.00270222692676525	0.00250378045602156	0.00387209224046845
1930001	42.8431090499973	145.572078087999	66.4722434519995	116.674686086	71.5731515679982	66.4957704849997	66.2493466030039	68.0966951020026	70.6089245510042	70.2560993329984	0.00415706780156679	0.00324966102797123	0.00291342200401416	0.00308917054883186	0.0037198922387232	0.00328171029847467	0.00293180115650464	0.00262676125044475	0.00259593239823307	0.00349699634814817
1940001	43.0659244969976	146.329410866	66.8328628079993	117.238060627	71.9476554869972	66.8430970769998	66.5935769530038	68.4490035340029	70.9819006690038	70.6460077059984	0.00410461105062148	0.00330488469700864	0.00306026934045957	0.00316804467815638	0.00373549341210243	0.00337771311517282	0.00318019393388878	0.00321781722838615	0.00347193197435789	0.00483196518518542
1950001	43.2929776169977	147.105568388999	67.1955502909989	117.792013737	72.3253554769971	67.1926677630003	66.9396635280035	68.8041992670031	71.3547669370036	71.0309448319987	0.00414746607360197	0.00306453606199319	0.0028571194784397	0.00294906913912561	0.00382527274400784	0.00346061042626158	0.00322614249417718	0.00320403689193979	0.00368529035711637	0.00481454845288026
1960001	43.5152393769978	147.861868669999	67.556470903999	118.337256913	72.6980656959966	67.5386534510006	67.282696288003	69.1554604140036	71.7268615210033	71.4201085399981	0.00494998721984315	0.00364284258909138	0.00333702905457354	0.00346779150901445	0.00445068335125926	0.0038724477232691	0.00327670218235606	0.0029525022368921	0.00308308860394618	0.00460962991603524
1970001	43.7395845219979	148.629505097001	67.9177827829995	118.896971012	73.0723654679965	67.8878972460007	67.6291418640031	69.5095884710032	72.1005351270035	71.8086184049984	0.00442345050469612	0.00343502625016845	0.00313691514182025	0.00330094503009892	0.00397818156090355	0.00352425583842913	0.00326851882534436	0.00312678099207146	0.00363229127035793	0.00557773134976627
1980001	43.9735978759977	149.428096457001	68.2969691459997	119.483223491	73.4652253689962	68.253800838	67.9966651940029	69.8966583160036	72.5135058690036	72.1934228279982	0.00457604404935777	0.00353852723994384	0.00334341047982636	0.00344690851149192	0.00426987589219516	0.00391046077000146	0.00368454654034781	0.0036764251370208	0.00401024533951854	0.00422258638327234
1990001	44.2084531399975	150.229047156	68.6753112539996	120.082622097	73.8599511309958	68.6202022620002	68.3639946750027	70.2828011090033	72.9236175010038	72.5793288399981	0.00433902003528004	0.00349523068442486	0.0032154800711908	0.00334978939720809	0.00400663635899872	0.00369745290180553	0.00353329209238864	0.00369635134111079	0.00443808595021182	0.00630639003629245
