k	rt_srk	rt_esrk	rt_hb_double_inexact	rt_hb_opt_beta	rt_hb_beta_0.1	rt_hb_beta_0.2	rt_hb_beta_0.3	rt_hb_beta_0.4	rt_hb_beta_0.5	rt_hb_beta_0.6	res_srk	res_esrk	res_hb_double_inexact	res_hb_opt_beta	res_hb_beta_0.1	res_hb_beta_0.2	res_hb_beta_0.3	res_hb_beta_0.4	res_hb_beta_0.5	res_hb_beta_0.6
1	0	0	0	0	0	0	0	0	0	0	0.107914415452569	0.0889208761099618	0.088203547611552	0.0902936654906381	0.102860401756834	0.0976277148441107	0.0939396051839048	0.0935418629096238	0.097476168415588	0.196236690497375
10001	0.110180233	0.462962614999999	0.181242408	0.480357881999999	0.174730144999999	0.152119107000001	0.148010932	0.146068923	0.144517141	0.144904363	0.0399522652632494	0.0302533069393444	0.0305528275881379	0.0284597864788161	0.037882020977294	0.0351251755557227	0.0331849821836539	0.0307371583469965	0.0396638110397619	0.18842565068035
20001	0.197276831000001	0.822638155999995	0.318998332000003	0.859547311999996	0.317863293999997	0.280808584000001	0.273157681	0.270660240000001	0.269236897999999	0.26969326	0.0313782487404497	0.0222609844981667	0.0241020739885127	0.0221307419167982	0.0297041506506941	0.0287652271979387	0.0284896761921716	0.028551208822651	0.0331234614394623	0.152078716923611
30001	0.298194459999999	1.232804088	0.477449880000001	1.279504313	0.480669913999994	0.425212349	0.412474164000002	0.408357791999998	0.406933913999999	0.407638358999998	0.026713293205136	0.0190085469523668	0.0201294257514211	0.0206672846614757	0.0263011492621045	0.0261312195494613	0.0258098829137434	0.0257930334133478	0.0280714147842144	0.148637412499562
40001	0.383158997	1.579156362	0.612595149999999	1.64679859399999	0.620903570999998	0.552338332	0.536536583	0.531170933000002	0.529178279999999	0.530599281999995	0.0245604662397404	0.0173734627265164	0.01980366190275	0.0190552699959458	0.0241593299032954	0.0234424793010837	0.022612966809021	0.0200103868676692	0.021493020170632	0.180180423113244
50001	0.469532078000005	1.92948616899999	0.748994521000002	2.014249435	0.762510487000006	0.681642224999998	0.662137090999999	0.655324986	0.654491616000002	0.655452376999995	0.0248122005671588	0.0147756012883251	0.0206058557901425	0.0167737440891513	0.0247451931918842	0.0245037526545786	0.0210482318156043	0.021194826929812	0.0202169758120999	0.154221636262557
60001	0.554598784000003	2.27825640199998	0.883785013999997	2.37705386699997	0.902817318000007	0.808722314999997	0.786172614999993	0.778492109999998	0.776851543000002	0.778052958999995	0.0222056512175838	0.0137153502095216	0.0150214395783341	0.0137388970978445	0.0209888515376064	0.0197702770018714	0.0190534310092642	0.0208449315396524	0.0231681929889536	0.13262199576513
70001	0.640357599000002	2.62390387399998	1.019118408	2.73279704099997	1.04285185900001	0.935994027	0.909470894999993	0.901222650999998	0.899208009000006	0.900345316999993	0.0198314949738592	0.0142695227953655	0.0145316764533064	0.0142429616328351	0.0188329295339092	0.0183179843723502	0.0179739052773368	0.0168556198624307	0.0189278485371323	0.160686570038159
80001	0.730551470999998	2.99690465899999	1.16222824600001	3.10857688499997	1.19176980900001	1.070699981	1.04001058499999	1.031062022	1.02922777700001	1.03053856999999	0.0230159819808466	0.0117022587305241	0.0152811254325661	0.0103801690086438	0.0238430800194102	0.0233871637452403	0.0219314665222593	0.0216145880436816	0.0213534027133596	0.205515664662107
90001	0.818269302999994	3.35411169199999	1.301498874	3.47230478699998	1.33680299000001	1.20217566200001	1.16757543599999	1.15760806900001	1.15521870600001	1.15729393499999	0.0182446725067285	0.0117280958407284	0.0129671765939996	0.00876959796806557	0.0171438890156529	0.0161507471708691	0.0154367002929605	0.0154429390675024	0.015454456850417	0.183841692628479
100001	0.905783055999992	3.711110649	1.43965034999999	3.83604343399996	1.480957461	1.33309531	1.29411094399999	1.28352968500001	1.28153338700001	1.283317876	0.0153879655432032	0.00988934850239949	0.0106943308831488	0.00779376554582713	0.0145061694618664	0.0139326255374731	0.0140964586131107	0.0136369206521296	0.0148979642322847	0.166286035025432
110001	0.998493855999992	4.09042825299998	1.58590870999999	4.22207923699997	1.632742024	1.470661713	1.42738561199998	1.41697640699999	1.41443354700001	1.416333104	0.014661012587609	0.00929397076257696	0.0101088110503168	0.00800089935703757	0.0145301967598089	0.0144041851749485	0.0130445909036674	0.012401713508508	0.0129011447348072	0.192560874424762
120001	1.09550465499999	4.48634545499996	1.74082065999998	4.62604589499997	1.79246866200001	1.614018249	1.56745110999999	1.55527569499999	1.55323558500001	1.554166153	0.0135333210443066	0.00956818422050187	0.0107012468184786	0.00655384288297629	0.0130814648880854	0.0125090479636855	0.0121565555847432	0.0123196994919246	0.0123855474971927	0.177347276403899
130001	1.18864192599999	4.86289680399998	1.88876467099998	5.00926364399993	1.94628871800001	1.75422991	1.70375525699997	1.69077736199998	1.68840289500002	1.68936350799999	0.0130488935004524	0.00883254767330619	0.00967356277676715	0.00750284845975669	0.0121770634851747	0.0118137162907597	0.0115012655782099	0.0113790431821012	0.0106783718182779	0.185430944142596
140001	1.28154203199999	5.24310928999993	2.03622847799998	5.40158019299991	2.09972651399999	1.893182428	1.83903109899997	1.82546604499998	1.82298732700002	1.823582682	0.012820271970879	0.00798043099653748	0.00968386577295286	0.00668368725087353	0.0124890376679046	0.012485463849677	0.0124525175849863	0.0120659884131223	0.0103101052045719	0.193927377288024
150001	1.373611104	5.61682351699995	2.18314837799997	5.78043384099986	2.252248614	2.03140408400001	1.97306892699998	1.95910155799998	1.95676308100001	1.95677302599999	0.0133327802526623	0.00808577073626047	0.00992271552805317	0.00692754678477642	0.0128218251795102	0.0123515389571395	0.0118694651882303	0.0111132632212233	0.0104178404812733	0.152148739877376
160001	1.46614069899999	5.99466088899999	2.32916314299996	6.16496253999986	2.40320998999999	2.168367222	2.10671226699997	2.09184783399998	2.08987653100003	2.08917759999999	0.0119473299311446	0.00751897902593726	0.00932645784774002	0.00571304558914173	0.0117675544519716	0.0114594257994733	0.0109426159495365	0.0098233289802595	0.00975651673055655	0.191624001563272
170001	1.56057596499998	6.37259844400001	2.47972739299995	6.55220788599987	2.55910336099999	2.31044443799999	2.24497034999998	2.22887979899999	2.22676486200002	2.22603146699998	0.0121232952659741	0.006844730650651	0.00841753210483084	0.00669075840374907	0.0121739671105743	0.0122421721723598	0.0122610256152322	0.0113602011769502	0.0111586396684339	0.181918747338907
180001	1.65200686799998	6.738769729	2.62470316099998	6.92247975199983	2.70973611299999	2.44762188699999	2.37857359299999	2.360770196	2.35882951400001	2.35812169299998	0.0129172866813962	0.00653751395726136	0.00901245930565453	0.00563183828017289	0.0131527190036325	0.0139519793518248	0.0149016200849254	0.0135066557328014	0.0123094552197142	0.189610434552837
190001	1.74542243299998	7.11981569599998	2.77277594399997	7.30651667599979	2.863530004	2.58713238499998	2.51450273699997	2.49632768200001	2.49418414600002	2.49333467599997	0.0109678287755116	0.00599574521163812	0.00734932831192715	0.00613120805347376	0.0107868765637209	0.010268904596239	0.00901517921208059	0.00780167378184351	0.00731306940803999	0.161023564273767
200001	1.83833744899998	7.49675329399992	2.91979892399999	7.68297243999978	3.01644727199998	2.72606831099998	2.64910363799996	2.62997512600003	2.62826716600002	2.62721841499995	0.0110260818241235	0.00618807016803465	0.00766273789785666	0.00549568593498118	0.0108621047683099	0.0101801751117716	0.0091314312012935	0.0082477318654984	0.00844902572801638	0.143727655954573
210001	1.93487971799998	7.88253823799993	3.07203759699996	8.08080137299973	3.17479407499997	2.86993137999997	2.78857360799998	2.76899580900005	2.76665840200005	2.76586946299994	0.0106569067574494	0.0053959025096376	0.00671644170285483	0.00500466115338524	0.0102498271105452	0.00920658897780398	0.00827094025496888	0.00724420420985738	0.00650375761511944	0.154280260416379
220001	2.03051144999998	8.27340619799999	3.22336146999995	8.47763948199962	3.33219666699998	3.01320938899997	2.92784693799999	2.90752705600006	2.90532870800007	2.90377274899996	0.0110233717708909	0.0054912117226188	0.00715583890693074	0.00502272110437903	0.0104214874946571	0.00932288887841407	0.00827164853493755	0.0071809964432381	0.00602367814946752	0.149830512768093
230001	2.12222114599998	8.64796288299997	3.36900303099996	8.85295299199961	3.48459646799997	3.15141746099998	3.061290269	3.04065636500007	3.03837410400008	3.03649121499997	0.0109470894892857	0.00546544290326186	0.00654399049079213	0.00497936665057995	0.00972487137429885	0.00875497718227462	0.00764831441519996	0.00668255910916444	0.00562978889113265	0.167803360683541
240001	2.21412171299999	9.02613959399988	3.51471093099995	9.22598237399962	3.63560486799997	3.28823598099998	3.194422161	3.17287562500006	3.17163221700011	3.16935119399998	0.0106483302519239	0.00536245012565714	0.00657722062561229	0.00613439794815595	0.00976550891266343	0.0089391016807625	0.00780644311296272	0.00680084205201815	0.00557839699511615	0.156496960221486
250001	2.30784421500001	9.40447088699978	3.66355207299995	9.60579085699954	3.79021092599997	3.42881425099999	3.330966173	3.30902351500006	3.30767947400011	3.30461731399997	0.0102213008475661	0.00507631050659408	0.00652662830904016	0.00462657397045326	0.00920068195390693	0.00842268150592163	0.00762247369726001	0.00625910472706748	0.00576167632561504	0.190382989505076
260001	2.40230777199999	9.79589050599981	3.81370700099995	9.99091058599956	3.94703004599994	3.57064830600001	3.46895093099999	3.44584288600006	3.44468207800012	3.44192864999996	0.00984342822287448	0.0049811412893585	0.0063094591869845	0.00423820975560214	0.00884697513738346	0.00809170273531496	0.00702395672002827	0.00600080907821889	0.00550861306249607	0.144839981802112
270001	2.49495023900001	10.1673094539998	3.96036717299996	10.3601399779996	4.09982911599994	3.70971153300001	3.60406197699999	3.58007504600007	3.57945219600012	3.57590445899994	0.0115147696088147	0.00433430252467268	0.00597046217343655	0.0044567471373838	0.00948980959347302	0.00819699755980825	0.00720445322444947	0.00601865228211101	0.00611780452146946	0.139316350792706
280001	2.589311354	10.5454556289998	4.11070903099997	10.7358435519995	4.25551340899992	3.85170209500001	3.74199777199999	3.71701740400007	3.71618901100012	3.71299038299993	0.00951103188132359	0.00455815563510331	0.00605846052805676	0.00487340741914681	0.00864844282214262	0.00767601142020712	0.00669232430629758	0.00560873805798383	0.0058025497913142	0.174086377106988
290001	2.68289500700002	10.9311092889998	4.25903419999995	11.1161297409996	4.4097662719999	3.99186308100001	3.87787587899997	3.85291750500004	3.85156770500013	3.84841417299993	0.00891156268949988	0.00500643667197997	0.00617381695591851	0.00485066734813528	0.00819597906674074	0.00736892092410643	0.00636603780367007	0.00526432725601593	0.00515290085926652	0.171718402455659
300001	2.77712799600002	11.3176832739999	4.40874334499994	11.5027194599996	4.56540359799992	4.13395234200002	4.01583996599998	3.99017286100005	3.98844802900012	3.98534002599995	0.00891562585038112	0.00451987791775814	0.00554413461377239	0.00407657009948488	0.00808496434455485	0.00710260176935222	0.00591153810904787	0.00514625635145002	0.00528270801538386	0.141016845511018
310001	2.88228122200002	11.744507656	4.57388825499993	11.9245439519996	4.73639896899987	4.28829368700004	4.16552118699995	4.13921456800004	4.13667223300011	4.13315820299996	0.0096621873467627	0.00476577189219529	0.00546647871421458	0.00449603171149123	0.00876884007454425	0.00747277512093271	0.00583547066937713	0.00522044207172204	0.00513173844530331	0.207700442825027
320001	2.98479658400003	12.1611634740001	4.73518544899993	12.3408184849997	4.90351392199986	4.43988311300005	4.31289051899999	4.28588899500002	4.28281718500012	4.27921354599991	0.00933704672139466	0.00424655543486198	0.00497128816298694	0.00484944248213621	0.00779543540433362	0.00645389787645807	0.00502523604662407	0.00446572552019742	0.00438875720624395	0.181233999785962
330001	3.08705076700006	12.5974125560002	4.89430476799995	12.7469038949996	5.07210531099988	4.58940114100008	4.45798660999999	4.43775909599997	4.42669525900013	4.42276710199988	0.00769892134669298	0.00464589550045251	0.00546180741158221	0.00507987291685455	0.00692899343072479	0.00592824928017146	0.00498075307200512	0.00469791410425575	0.00533655630985983	0.179248176111067
340001	3.18743378800005	13.0097917960003	5.05227534799994	13.1581899479996	5.23680797399984	4.73930129900007	4.60333055800002	4.58276405999991	4.57078595000013	4.56654338399985	0.0132707451187477	0.00442927877156621	0.00764462713323572	0.00435082841295337	0.0140004166444236	0.0118403410787258	0.00854783222401263	0.00625929248985164	0.00531716021037288	0.165666254643592
350001	3.28524685400004	13.4075873610003	5.20780789799995	13.5538897419996	5.39887208399984	4.88624938200007	4.74593530600004	4.72478077099989	4.71227854400013	4.70738391499985	0.00737210306177332	0.00465544717740816	0.00488944224485832	0.0043635998206159	0.00668704287988637	0.00539552879686019	0.00491277967707633	0.00472217732229638	0.00492229275335763	0.161700111238721
360001	3.38190338700001	13.8019876620003	5.36079019099992	13.9471612209996	5.55787028299983	5.03115655600005	4.88613802900005	4.86419792299987	4.8518859510001	4.84664125999982	0.00718831702282561	0.00442127722441924	0.00478200059632705	0.00462611603805428	0.00633715175418693	0.00526711355376003	0.00481330230123555	0.00475562064012386	0.00518136610707669	0.15148919402003
370001	3.47746791100002	14.1841170330004	5.51312752099989	14.3279302549996	5.71605752299986	5.17480713300004	5.02607871200003	5.00266068699986	4.99060849100012	4.98495294299979	0.00763765478371851	0.00461159328328542	0.00490908891549732	0.00457999452544423	0.00673037462977713	0.00562455689399196	0.00504614929245449	0.00493160631833885	0.00514880822294844	0.153524160718163
380001	3.57453717300004	14.5789102530003	5.66702860899992	14.7197027159997	5.87707113899984	5.32090891200006	5.16840442400003	5.14391074999984	5.13179322200015	5.12595645499978	0.00698973997760443	0.00459429484417261	0.00493256699417213	0.00454567513139946	0.00595808511899779	0.00510838812402636	0.00466731536193072	0.00459789557364507	0.00483345864569376	0.168383550948252
390001	3.67287039	14.9800354480004	5.82270174799993	15.1169631849997	6.03911129799984	5.46827074700001	5.31156927100006	5.28581885699985	5.27394002100013	5.26791950499977	0.00666445447598458	0.00413747518535528	0.00441445368763206	0.00425523860101939	0.00570917781879992	0.00494776179759373	0.00454692191493279	0.00435086148849746	0.00465036632903226	0.158436586620911
400001	3.76905870300003	15.3688965810004	5.97411899699994	15.5038656529997	6.19641397399984	5.611276268	5.45020434100003	5.42385619999985	5.41179469200016	5.40548345999975	0.00651919770410072	0.00424138697511551	0.00447653345341218	0.00430996644723284	0.00548349335503328	0.00474248960180079	0.00437634035006036	0.00428704061700548	0.00471590301617243	0.176204974631585
410001	3.86811846700004	15.7729038520003	6.13154789999996	15.9102851999997	6.36027393799985	5.75925711500004	5.594693859	5.56704303699988	5.55512591700015	5.54841122999975	0.00631890506658341	0.00426920284957821	0.00450273857858389	0.00436371742853085	0.00537643712297784	0.00482619299027046	0.00457547467830164	0.0044652309478813	0.00474780991452583	0.162420049313294
420001	3.96374831300003	16.1677937680004	6.28244042499999	16.3017655259996	6.51728111599991	5.90161308500001	5.73294127099999	5.70495428099988	5.69263812500017	5.68543249899969	0.00608328195722622	0.00427332496259611	0.00537420683487882	0.00429721294563628	0.00518302951076127	0.00474782751079957	0.00464724031064831	0.00482258024405035	0.00516979285528027	0.16425586163585
430001	4.06118356900004	16.5622274360004	6.43680124599998	16.6892310099997	6.67829528299992	6.04720516199996	5.87428903899996	5.8458996849999	5.83344688800015	5.82611546299966	0.00560102451941196	0.00426344806610886	0.00434178732023436	0.00509068642185162	0.00490476096471073	0.00454371209331314	0.00442496550903706	0.00444176745262352	0.00481635403696064	0.175266597377118
440001	4.16217029600004	16.9747314010003	6.59756556699999	17.0943987329998	6.8447623489999	6.19873799699996	6.02453672299997	5.99150077599992	5.97989413300014	5.97229201799967	0.00541019380538388	0.00401153230713521	0.0041805016536775	0.00426240474386653	0.004779519164516	0.00439790329040423	0.00420693428981679	0.00411537154016335	0.00414296686188095	0.155977228975024
450001	4.25795833500009	17.3624625260003	6.74936855999998	17.4824452159998	7.00285959799985	6.342490393	6.16356041599997	6.12992794699989	6.11780639300015	6.11045544999968	0.00536585295907071	0.00413392079666732	0.00415310521933782	0.00497303714080749	0.00481873695200949	0.00448463858135012	0.00430753587426537	0.00410989746532026	0.00415175793651858	0.1703600654422
460001	4.35546494400009	17.7642344320004	6.90318986900001	17.8803095869998	7.16333725299985	6.488139378	6.30491130899997	6.27045905299987	6.25766349600015	6.25083925099972	0.00514676850459969	0.00393380970761024	0.00421177651957135	0.00412672278527949	0.00464950597446198	0.00439465294958642	0.00430969387973065	0.00439214089289588	0.00450529682752246	0.174444892150806
470001	4.45285258100011	18.1666027300006	7.05714139600003	18.2765799559997	7.32347062299988	6.63377730600002	6.44613778699995	6.41102217099985	6.39870995300012	6.39128206099972	0.00493455189001724	0.00394070405827706	0.00393029914596131	0.00407933792888566	0.00449922312995446	0.00427207089520972	0.00412699109686764	0.00420886543684005	0.0042859042265031	0.159802853312824
480001	4.5518440320001	18.5781099770006	7.21414696200003	18.6873528689996	7.48733488899989	6.78221557300002	6.58981203999992	6.55424167399987	6.54175773600009	6.5343617859997	0.00481050388769902	0.00404475788417752	0.00403284130266631	0.00380268580804435	0.00437384930615708	0.0041389295500911	0.00387018168122586	0.00391942563224587	0.00429053595673944	0.185347171038724
490001	4.64881592100005	18.9711267480007	7.36810133900004	19.0870532219996	7.64654551199988	6.92800454999999	6.7309172189999	6.69496326299983	6.68230994600005	6.67430407399967	0.00458387047768753	0.00401290995954701	0.00423188349849278	0.00463495292318745	0.00429880716710528	0.00414590883438011	0.00419766409252738	0.00446396548067483	0.00508390076808871	0.171484509986104
500001	4.74649336000005	19.3718074300007	7.52329517400005	19.4831931789996	7.80772604599987	7.07463553099997	6.87340180299991	6.83654167599986	6.82379433600003	6.81547537499967	0.00670950338239834	0.00370806511400455	0.00395134002326406	0.00409412025978416	0.00527830616755021	0.00441778982943321	0.00398268336240836	0.00383468410149	0.00412114793760217	0.185073325505446
510001	4.84556588000004	19.7828788220005	7.67990134800001	19.8826053899995	7.97155193999988	7.223248373	7.0176902949999	6.97983702999984	6.96704317500003	6.95842967499964	0.00460745939922703	0.004158449382528	0.00389858059883121	0.0038385324416774	0.00432043379979253	0.00418066470872151	0.00403316441837308	0.00395985951476576	0.00416297808372874	0.149734805182866
520001	4.94537117100004	20.1838053510007	7.83758679999999	20.2800967889996	8.13603708399988	7.37285698100006	7.1630812559999	7.12436778399985	7.11148875700005	7.10268399499964	0.00473712016229676	0.00449962554977844	0.0043969213899564	0.00470506239648886	0.00452938811154099	0.00467396377983148	0.00464840813626874	0.00459475152076219	0.00482477291260495	0.160422502531849
530001	5.041119396	20.5791127180008	7.98937097499996	20.6632641889997	8.2937421779999	7.51650801500007	7.30283610599991	7.26312765999982	7.25053814900006	7.24141207799967	0.00449465380910622	0.00408134873903751	0.00403081445505587	0.00475552453586299	0.00432815095678399	0.0041352876892839	0.00415036896386358	0.00418248332739224	0.00429841371919064	0.161590070006086
540001	5.13872105999996	20.9724757450009	8.14356366199997	21.0542183059997	8.45506483999978	7.66290225900007	7.44540761699991	7.40474509299981	7.39213860500006	7.38252313999968	0.00440420824823181	0.00421441545818115	0.00395978168663938	0.00427396026380419	0.00418468476596008	0.00444544943576998	0.00488909642425606	0.00510666376476689	0.0053424466271489	0.16802524911618
550001	5.23471876599996	21.3540647420008	8.29618641299986	21.4385196679998	8.61395548999976	7.80728324000006	7.58588955599994	7.54417012699982	7.5314109190001	7.52197426999967	0.00428216587376549	0.00386582131633848	0.00373417650491157	0.00410266619736752	0.00404931634271308	0.00391793217636922	0.0038735867497256	0.00391297051525913	0.00453467389181125	0.147430792480237
560001	5.33272147599993	21.7470158390009	8.45222534199997	21.8348116119999	8.77606474299978	7.95438214000006	7.72890136899989	7.6867943549998	7.67406653000009	7.66388709599967	0.00412802139639179	0.00384858602246224	0.0038727210079987	0.00467465245705526	0.00390962187007778	0.00379188906749082	0.00368929588628928	0.00373310534533115	0.00390123051226368	0.173860741240002
570001	5.43099660199994	22.1474324060009	8.60856335999997	22.2324718149998	8.93862528899979	8.10165251900003	7.87217420399988	7.8286716149998	7.81606362600015	7.80557421299971	0.0043419949635737	0.00395222216368775	0.00388584475939104	0.00386869452028203	0.00417848083044292	0.00403736162706841	0.00394778687814445	0.00397093300136005	0.00432462823009988	0.149119466617273
580001	5.52518047199994	22.5311596410009	8.75813225299992	22.6154070479997	9.09360052299974	8.24286399500008	8.00964661699985	7.96502000599981	7.95253494700012	7.94173842099973	0.00410637011587307	0.00373012500275115	0.00372448717333973	0.00390833675887427	0.00398805318597826	0.00379921460627776	0.00371676273537202	0.00381665844362385	0.00393098494609163	0.181014828522458
590001	5.6214814639999	22.9228543780008	8.91000353699993	23.0065725389997	9.25257370299968	8.38770308600012	8.14986088099991	8.10419224099977	8.09200965500018	8.08087197199974	0.00420964986282375	0.00383284268275518	0.0037993270704545	0.00472237821561858	0.00404962464616265	0.00388848800039574	0.00371021505811959	0.00376163059288285	0.00400616463686817	0.160701243543104
600001	5.73282513699992	23.3819892270008	9.08548699999997	23.4441378859998	9.43204014999971	8.5482783730001	8.30523082999987	8.25803556399972	8.24678849000026	8.2336955509998	0.00423932544099978	0.00384255191030321	0.00372067510291615	0.00403879500244443	0.00420503547277059	0.00412371026885757	0.00408773545726109	0.00427373072364654	0.00455251967751923	0.171374418329658
610001	5.83389968399987	23.7941663000009	9.24587730399995	23.8542309359997	9.59808698499966	8.69953977300011	8.45239583599983	8.40360290299977	8.39213517000016	8.37986795299979	0.0039527874616846	0.00367521836551132	0.00369613666071593	0.00392791929136042	0.00379200943232506	0.00371496841673267	0.0036581714419344	0.0036772491153379	0.00402500497294881	0.16793441010754
620001	5.92996902099987	24.1903500970009	9.39845602299994	24.2464266639997	9.75672574399977	8.84464001900007	8.59264671099978	8.54313326199978	8.53098440500012	8.51944950499976	0.00400221609205623	0.00363836852045294	0.00359952134035077	0.00392888411609143	0.00382412893631648	0.00374221660267023	0.00371294370807825	0.00373860546469799	0.00417332438904353	0.176060147793281
630001	6.03047710599989	24.6051395690007	9.55780414599994	24.6618048099996	9.92277026099978	8.99540949700006	8.73930634499981	8.6886461569997	8.67611838700008	8.66482601999966	0.00389106983564264	0.00342959748707724	0.00348874408905953	0.00380922694611492	0.00372054340942243	0.0036178761564684	0.00346802998437664	0.00339674857600448	0.00369646231888749	0.174107538580455
640001	6.12932677799986	25.0108463930006	9.7144096299999	25.0595683239995	10.0862146279998	9.14400267500014	8.88366621899984	8.8321598479997	8.81953071000008	8.80792198499976	0.00400666030420773	0.00352716961963973	0.00347078271264894	0.00336260845773316	0.00390160866248306	0.0038820959895361	0.0036583692037793	0.00359839341939159	0.00372186654503027	0.174842282078632
650001	6.22666548499983	25.4086296640005	9.86968605099985	25.4471580699996	10.2475110909997	9.29058107900016	9.02647772199977	8.97375446999979	8.96143775400021	8.94935213099978	0.00416659752627565	0.00416397730630077	0.00403810777818115	0.00397345382482149	0.00417377731237738	0.00413104135510388	0.00418390883852148	0.00425863782150635	0.00469164441697856	0.166367807949018
660001	6.32415977999985	25.8104015230005	10.0244180069999	25.8377802829995	10.4080641929998	9.43681156000022	9.16835069499977	9.11541955199982	9.10258704400014	9.0900491339998	0.00396265330628024	0.00342162879877542	0.00337282133114271	0.00419802070587428	0.0038256292513388	0.00375229903055285	0.00372975724688576	0.0036686415968454	0.00373673546222774	0.147376477778023
670001	6.42064219499984	26.2098857630006	10.177682073	26.2246239599996	10.5681544759998	9.58224586700021	9.30962322499979	9.25580843299985	9.24310226100007	9.23046608799975	0.00368665330292873	0.00334822994300618	0.00326434520451985	0.00342053588899943	0.00355752556207947	0.00344168141239785	0.00348222301497977	0.00365998132337701	0.00395755958955352	0.179080904193678
680001	6.51822706299985	26.6133319350007	10.3324323729999	26.6165734729995	10.7292438009998	9.7288557660002	9.45116987499973	9.39703910199986	9.38385234000003	9.37134330399978	0.00406501872596659	0.00381667862171029	0.00369592898624299	0.00376541731819661	0.0039867892905405	0.00381560978199421	0.00378341817785806	0.00362743853412414	0.00381673657574094	0.158296763393408
690001	6.61436909799982	27.0050854830008	10.4841406739999	26.9960831519995	10.8877123269999	9.87287622100017	9.59118754499976	9.53597156299984	9.52299587500004	9.51005503099975	0.00372385963133287	0.00318816484218563	0.00303521638301198	0.00364980419957904	0.00363616299456091	0.00344859075500973	0.00347039292124874	0.00344944585785113	0.00343105940208492	0.171756083048063
700001	6.71093186899984	27.4073569930007	10.6368920739999	27.3847732599996	11.0475193789999	10.0178140810002	9.73268821799985	9.67646407399979	9.66324353099997	9.64984782499983	0.00368439370639773	0.00325695876208193	0.00340602701943347	0.00347984043827034	0.00363006591459547	0.00349692432332966	0.00355740929400217	0.00368301070981982	0.00403055696744303	0.171743425874424
710001	6.80822652399984	27.8036481110009	10.7902852969999	27.7732448559996	11.2084189699998	10.1633219040003	9.87419123499989	9.81701655499981	9.80376779699998	9.7898320449998	0.00368737551869489	0.00319909132588256	0.00322102127884507	0.00343400752615288	0.0037925429737111	0.00370062233713634	0.00366819207792373	0.00377384223188392	0.00364225734412972	0.156834397559678
720001	6.90571053399984	28.2056584060008	10.9446532819999	28.1626867919996	11.3692323089999	10.3093084170001	10.016117294	9.9582127719998	9.94475673499985	9.93095704999978	0.00384180381496428	0.00338339183612293	0.00325012678000443	0.00391841913714555	0.00382873612414233	0.00370160850071761	0.00360800168911606	0.00362038626694226	0.00349396465051734	0.146169100829672
730001	7.00644342899979	28.6277328860008	11.10403916	28.5698362889997	11.5351960329999	10.4597593080002	10.162218093	10.1036980979998	10.0894720449998	10.0754741169997	0.00366355080029385	0.00345510826465922	0.00338541634642206	0.00338217789870695	0.00363983330292762	0.00358636683378717	0.00362922643317029	0.0039138687263807	0.00430120619972057	0.152637739059467
740001	7.10269101699978	29.0239898660009	11.2567237640001	28.9560801299997	11.6943017659999	10.6045116870003	10.302750878	10.2433556989998	10.2292395749998	10.2150384559998	0.00362878557035352	0.00300866375391816	0.00304605807803874	0.00332215979114943	0.00359634193162618	0.00352192753349054	0.0034517086189645	0.0036027829738308	0.00366768295261219	0.159804994212528
750001	7.19959389499978	29.4244745000009	11.4109427850001	29.3408081469997	11.8549315469999	10.7504534720004	10.4446615690001	10.3850173819998	10.3699264759999	10.3557981369998	0.00396561418123531	0.00369555404559715	0.00369627617212507	0.00372269153170459	0.00381411865514324	0.00378134667514586	0.0036276413268271	0.00373754479177603	0.00400143916096588	0.165960574142076
760001	7.29556987599976	29.8175265850008	11.563802585	29.7289023689997	12.0144937069999	10.8954060380004	10.5860626600001	10.5248944579998	10.5096194709998	10.4952255609997	0.00350959991948011	0.00331877516078377	0.00322627236297766	0.00354388537033928	0.00342001595539817	0.00342008134804073	0.00338168644972857	0.00354491894809267	0.00358333533013063	0.15271593838474
770001	7.39317621999971	30.2189913100007	11.718625433	30.1237945709998	12.1756918239999	11.0417471010005	10.7276270870001	10.6658881789998	10.6505658709997	10.6361300279998	0.0037714719073103	0.0034458600705084	0.00349336558574454	0.00383182088537355	0.00366793035995819	0.00375605955486438	0.00370278409902269	0.00385466116853857	0.00398207915725136	0.148615371024696
780001	7.49113516499969	30.6269233930009	11.8741406819999	30.5204942339997	12.337610371	11.1888384450005	10.8706328020002	10.8080808779998	10.7925011159998	10.7777217329998	0.00356754574466937	0.00303851156945476	0.00303463739208237	0.00308016491513913	0.00342165593644229	0.00340237459262281	0.00332231650169949	0.00335627359663001	0.00364646142544147	0.153955671910364
790001	7.58907290799968	31.030120959001	12.029302865	30.9115137709994	12.4989764	11.3349221700006	11.0125284620002	10.9489905229998	10.9335706209998	10.9184063489998	0.00348202011681992	0.00298100315376784	0.0030561237007152	0.00295757141842008	0.00328043733998507	0.00324290591618976	0.00317225722058661	0.00319291731802688	0.00331390091007406	0.177436783254563
800001	7.69045392799968	31.450951048001	12.190600495	31.3156131679992	12.666277449	11.4866966000006	11.1592215470003	11.0950715189997	11.0800808289999	11.0652812739998	0.00358356291245417	0.00303482555999312	0.00301619509402258	0.00285158008222085	0.00330727419353417	0.00322390744519227	0.00319238584973523	0.00313245155805972	0.00306150977300099	0.168052168214739
810001	7.79151135199962	31.872566188001	12.351161175	31.7262261119994	12.832010512	11.6367512950006	11.3054543760003	11.2406634739997	11.2249392989999	11.2102541609998	0.00346426135575569	0.00314431310589022	0.00325095781542005	0.00303283856386376	0.00330972762713633	0.00322565916712234	0.00328278519927632	0.00343069093577043	0.00374597500625116	0.174589553935534
820001	7.88772236099965	32.2745400120007	12.504238254	32.1082488769994	12.9914645820001	11.7813734040005	11.4462265320003	11.3806064309997	11.3645870679999	11.3503332709998	0.00368676763139935	0.00357011276168455	0.00365580793838971	0.00365323142595358	0.00365146656981058	0.00357656099078454	0.00361733793606351	0.00353849091859908	0.00369295060656033	0.166537037697778
830001	7.98579484999965	32.6828978580004	12.6598638129999	32.4993336129989	13.1536529060001	11.9288631960006	11.5898978010003	11.5236129999997	11.5071572669998	11.4927411069998	0.00338333493569023	0.0031508908550644	0.00308878272335272	0.0029015977387684	0.00332119959177584	0.00324157523940958	0.0032410902626232	0.00323164401889344	0.00336829712572873	0.16410579783942
840001	8.08311686799973	33.0868275760004	12.8138787099999	32.8846132579987	13.3144656120002	12.0746951510005	11.7309536490003	11.6648644989997	11.6475821659998	11.6332322069999	0.00350058759442987	0.00300762218987802	0.00295503062564509	0.00320153539066075	0.00343841621168929	0.00326219305521497	0.00323371590063627	0.00305268606967369	0.00298488854993792	0.146701828021971
850001	8.1788316639997	33.4816226750004	12.9655173079998	33.260812837999	13.4719533770002	12.2174495260005	11.8696647900003	11.8027371159997	11.7854985369998	11.7714512159998	0.0035023545829314	0.00304457699604239	0.00314041225556987	0.00331461743362866	0.00344325681058582	0.00331036383868872	0.00334253810911066	0.00323959913772555	0.00345924711992229	0.144132618106529
860001	8.27536303599972	33.886956911	13.1192069649998	33.650688320999	13.6309330160003	12.3622206260005	12.0101545400002	11.9427366879998	11.9247726949998	11.9109183059998	0.00346756452213983	0.00309572424220688	0.00322117328427031	0.00331998053683086	0.00344469870402804	0.00330077482837921	0.00329342099155293	0.00308843527319674	0.00321185634568048	0.173046345340746
870001	8.3710125959997	34.2777406620001	13.2715518649999	34.0317590569987	13.7888377160003	12.5057404910006	12.1498350540002	12.0818325079997	12.0637932119998	12.0497025939998	0.00332995519047988	0.00295544387143766	0.00294155523437934	0.00286384530272895	0.00327767799346614	0.00319928397651794	0.00319821251950457	0.00306100848678598	0.00318034904376431	0.151837951884111
880001	8.4658732689997	34.6681255540001	13.4228088539999	34.4139152459987	13.9459843520004	12.6484677460005	12.2887507210001	12.2201392289998	12.2017530049998	12.1877199749998	0.00345664443113925	0.00316986197354677	0.00325406032778294	0.00387387953088161	0.00347059107094021	0.00332215942600779	0.00337232352356574	0.00329316551194441	0.00368068978909276	0.139435584850446
890001	8.56200123499968	35.069941941	13.5753695159999	34.8009465959983	14.1043400420003	12.7919854800005	12.4284663720001	12.3591762089998	12.3406658909998	12.3263892469998	0.00348656134640949	0.00328541413485042	0.00319547226699519	0.00315949208936198	0.00346374174184192	0.00329141662410335	0.0033010288264236	0.00317605625479064	0.00342341058149115	0.204467205212095
900001	8.65673994199971	35.4685688299997	13.7265572319999	35.1808317439981	14.2619592050002	12.9348893070005	12.5671059630001	12.4972654929998	12.4784369799998	12.4640611359999	0.00331333260307314	0.00287436420158309	0.00291285082898323	0.00289634183283753	0.00323876911363614	0.00314068165830608	0.00312342634971674	0.00295973126923105	0.00314754770788081	0.168207824570246
910001	8.75351600599979	35.8703493829996	13.8804076299999	35.5629877639976	14.4218156390002	13.0805017980005	12.7086707310002	12.6378868819998	12.6190409739998	12.6043935969999	0.00349431185137764	0.00303972712681838	0.00301820645431082	0.00284975746063403	0.00342922365192456	0.00333406942946547	0.00325683653893769	0.00310274767380189	0.00331196128663632	0.151540255151806
920001	8.84938995099973	36.2668141239996	14.0326394309998	35.9442423179978	14.5800957500002	13.2244646680005	12.8483515350001	12.7765088219999	12.7580290499999	12.7430238439999	0.00371990091403201	0.0034328949937763	0.00330285200869851	0.00330826208245713	0.0036669536320288	0.00357537758325772	0.00350243342614904	0.00332584941191095	0.00341105018971236	0.174510096721982
930001	8.94661852099984	36.6731667619999	14.1871151469998	36.3373377909976	14.7408425070002	13.3705109890005	12.9901023610001	12.9175155589999	12.8994186469999	12.8835311169998	0.00324449340309984	0.00284113623598948	0.00284412091129618	0.00248488184547651	0.00307251539961265	0.00303184674684479	0.00296262437477821	0.00284313347140847	0.00301416350487998	0.158005776030426
940001	9.04517818999984	37.077634337	14.3432994349998	36.7307486399976	14.9035132980002	13.5182797460006	13.133731714	13.0603254969999	13.0422872089999	13.0258190769998	0.00328709101387973	0.00314293011182042	0.00316154396231012	0.00321105131583751	0.00322324612313346	0.00322480638280684	0.00320273147776045	0.00315957507261295	0.003493251237638	0.153163131059085
950001	9.13859511999993	37.4622879640003	14.4912096669998	37.1084409839975	15.0577893740002	13.6584623670005	13.269786669	13.1956726379999	13.1774588590001	13.1606974079998	0.00321970774954436	0.00276456131333548	0.0027376266664233	0.00250238322450926	0.003121066541349	0.00310014267164325	0.00298547116613994	0.0028157479452208	0.00299914168002215	0.173095627331531
960001	9.23237505199989	37.8452021480005	14.6405970909997	37.4777017589977	15.2138656910002	13.8001807920005	13.407539554	13.3322459549999	13.3140754960001	13.2969019749998	0.00335267982671014	0.00300573557309563	0.00297117952877762	0.00286711180534259	0.00326835789941819	0.00327898416848355	0.00325016255297778	0.00308713372896078	0.0033676508952633	0.148790728245734
970001	9.32667909599981	38.2363933440005	14.7907824049997	37.8553825119979	15.3697255450002	13.9419561400005	13.5453957539999	13.4692955959999	13.4510451970002	13.4341149249998	0.00325737461742626	0.00297671545822287	0.00295056579296591	0.0025099909142555	0.00311619263889199	0.00312061809780719	0.0030509927674904	0.0029674449288571	0.00320003625020623	0.179630464438692
980001	9.42432423999978	38.6408395930001	14.9458791289996	38.245805511998	15.5311654930002	14.0884557830006	13.6884998229999	13.6110606629999	13.5928539770001	13.5756583579998	0.00334013440366174	0.00305757255537424	0.00308236648797625	0.00253393803269489	0.00320447653045095	0.00323183750659859	0.00316993848997379	0.00316253879432571	0.00358318084982713	0.156595391105784
990001	9.51999049399981	39.0358091360001	15.0977885239996	38.6242163559982	15.6895572730002	14.2319425400005	13.8281828189998	13.7503409079998	13.731894597	13.7140925439998	0.00362297276768643	0.00356475546538989	0.00353974756314972	0.00311770942384917	0.00357594331330062	0.00360456452455702	0.00356046599855974	0.00355142220186293	0.00390077095439328	0.145987314268033
