k	rt_srk	rt_esrk	rt_hb_double_inexact	rt_hb_opt_beta	rt_hb_beta_0.1	rt_hb_beta_0.2	rt_hb_beta_0.3	rt_hb_beta_0.4	rt_hb_beta_0.5	rt_hb_beta_0.6	res_srk	res_esrk	res_hb_double_inexact	res_hb_opt_beta	res_hb_beta_0.1	res_hb_beta_0.2	res_hb_beta_0.3	res_hb_beta_0.4	res_hb_beta_0.5	res_hb_beta_0.6
1	0	0	0	0	0	0	0	0	0	0	0.178749213208258	0.0534150125243534	0.0512466380334688	0.0612698678613939	0.1563759393458	0.136881900700872	0.114161357240025	0.0911268378625443	0.0742656961940898	0.0591151749027319
3781	0.0388467469999999	0.215875843	0.056026608	0.319168767	0.0569935239999999	0.0482233440000001	0.046320424	0.0461801739999999	0.047423821	0.0461178709999999	0.0665893969610542	0.013787007027564	0.016329352968093	0.0168761244807137	0.0605437834477344	0.0544987336871413	0.0444377381799364	0.0367083624033764	0.0279183233759866	0.0228174747769057
7561	0.0718731430000001	0.386987094	0.101568544	0.599369385000002	0.106121592	0.0917044950000002	0.088271871	0.0875335709999999	0.0887433610000003	0.0874865449999998	0.0351727436083761	0.00870446730388806	0.0090257670272165	0.0106058844328528	0.0296815459452498	0.0253819242223753	0.0226911501291237	0.02062967993569	0.0173198130046346	0.0118582544584841
11341	0.104570176	0.551703456999999	0.146776338	0.878635847	0.155209674	0.134946909	0.129361115	0.128736424	0.12979176	0.127893403	0.0226336842898069	0.00680845854694155	0.00742676078721831	0.00773964175985505	0.0206015539837894	0.0192518438192943	0.0151099339462956	0.0126016001937103	0.0110398048494989	0.00886466522767463
15121	0.138808263	0.720943162	0.193017664000001	1.163446135	0.205496039	0.179598769999999	0.200432021000001	0.171224227000001	0.179586835999998	0.169810763	0.0195245320240871	0.00966658270486765	0.0111307176538177	0.0103265628198103	0.0165895512274644	0.0144900529507274	0.0136533255324528	0.0136174282960849	0.0140354096710903	0.0138843177855517
18901	0.172242187	0.886419746000001	0.238810547000001	1.436601371	0.255149506	0.223496608999999	0.242814831	0.212918282000001	0.221777882999998	0.211049692	0.0134113251610538	0.00505622841431549	0.00537473512630963	0.00633741773463458	0.0121336157183625	0.0108466209685641	0.0098142980714067	0.00873861572537368	0.00704791515862832	0.00585136102406339
22681	0.205967156	1.052797523	0.285196107000001	1.718603269	0.305362958	0.268099546999999	0.285696374	0.255624689000001	0.264258203999999	0.253409622000001	0.0112176246284892	0.00449285847282203	0.00406342646131746	0.00442344963561852	0.0102233652812605	0.00924483209156757	0.00837857565084186	0.00663520634792685	0.00585043668795588	0.00473326564888541
26461	0.238660537	1.215423869	0.330208044000001	1.992129112	0.353904174999999	0.311085366999999	0.327294714000001	0.297085911000002	0.304991527999999	0.294493661000001	0.0101517230032	0.00403310827150829	0.00392687152353032	0.00410150726787982	0.00922049954766656	0.00851722990718905	0.00727227571478737	0.00625290379550899	0.00550493575839087	0.00436317105158275
30241	0.272829013000001	1.384742782	0.376921040000002	2.270844907	0.404655798999999	0.355945508999999	0.370557982	0.339800243000002	0.347110673999999	0.337025391000001	0.00992126611243762	0.00468866670114228	0.00489890995902135	0.00504789442628548	0.00956631276174793	0.00913551393974709	0.00874019068497785	0.00838918675284691	0.00785801418369657	0.00702342604052293
34021	0.305932047	1.54948672099999	0.422814599000003	2.54436434699999	0.454578107999999	0.399635255	0.412984139	0.381748492000003	0.388867879	0.378509397000001	0.00828814404004798	0.00265771744352295	0.00283238283723702	0.00318304669063628	0.00774716353255963	0.00631606219777315	0.00569042304354141	0.00504835409003008	0.00425855421657894	0.00334074119641921
37801	0.339096680999999	1.71399159	0.468612173000002	2.819352296	0.504233463999999	0.443332221	0.455163745	0.423273142000004	0.430373427	0.420049942000002	0.00876557598709708	0.00294526850725922	0.00252394006592759	0.00342260957804863	0.00767045241326339	0.00690665127435466	0.00631216985525092	0.00544930533678146	0.00461446210602805	0.00353026988782619
41581	0.373508330999999	1.883790225	0.515796677000002	3.10249887099999	0.555446771999999	0.488367599	0.498512738	0.466794077000002	0.473001495	0.462740947000004	0.00722804958990026	0.00190581284971498	0.0017956127786276	0.00207411251663706	0.00611314360866466	0.00548854689307223	0.0048445139943773	0.0042532428279847	0.00358107448157752	0.00239178500817554
45361	0.407753969999999	2.053812493	0.562743054000004	3.37824718299999	0.606324403999999	0.533041165000001	0.541671484000005	0.509580394000003	0.515743941999998	0.505012756000004	0.00586370025960248	0.0016864756688729	0.00149487677894971	0.0016001919843457	0.00538013590305242	0.00478746768772392	0.00423492724630431	0.00370337163760383	0.00313444893694445	0.00210008174647328
49141	0.442705400999998	2.22289865399999	0.610044439000003	3.659251221	0.657502537999998	0.578116604000001	0.585134202000004	0.552473855000003	0.558885157999997	0.547383438	0.00582384678709531	0.00164907726998473	0.00148328169499448	0.00154152261673558	0.00536811446637397	0.00481331531921238	0.00424432708810071	0.00369174845200911	0.0031181542271412	0.00200835444384261
52921	0.482363035999997	2.41736519899998	0.664351336000003	3.96907299899999	0.716058290000001	0.674597684000001	0.634155364000006	0.600914064000002	0.607293692	0.595993138000002	0.00590596872120485	0.0016792753236491	0.00149421017802243	0.0015336019039595	0.00542933692331746	0.00485653200276063	0.00425531731289876	0.00363164814272681	0.00267072018791863	0.00194690085709907
56701	0.516957657999996	2.58721151599998	0.711791510000004	4.25075204799998	0.767556183000004	0.720396474000002	0.678507248000009	0.644438289000006	0.651065783000002	0.639616208000002	0.00519130176840832	0.00138761928502394	0.00123043896939665	0.00140601748471235	0.00471508753246319	0.00426623434170361	0.00377022786408916	0.0032998540963464	0.00238557360919061	0.00179567563338949
60481	0.550681443999995	2.75420996499997	0.758540282000005	4.52389868899997	0.818029886000006	0.765236968999999	0.721421016000008	0.686821385000005	0.693432684	0.681777620000004	0.00496556496807298	0.00130949312889971	0.00112999126618387	0.00118887192058156	0.00453783965381752	0.00407993924148126	0.00357590282544558	0.00276436239659301	0.00222145320508424	0.00172417025732507
64261	0.585535382999992	2.92559943899997	0.805862087000004	4.80484420099997	0.869299713000006	0.811235888	0.765588133000009	0.730553984000002	0.736547094000005	0.724822759000007	0.00457991722607612	0.0011515890328607	0.000994246345189128	0.00109502919761146	0.00419392133836935	0.00375059037765749	0.00331534871002099	0.00244447120135129	0.00201768837407994	0.00162719238825746
68041	0.620114731999988	3.09558798199997	0.852710405000006	5.08334689599997	0.920204031000007	0.856406332	0.809451359000008	0.774098220000003	0.779394151000004	0.767765440000007	0.00430806061801787	0.000924158845751425	0.000827353124168399	0.000866984032093144	0.00393651464084816	0.00350834638565061	0.00294943843945553	0.00224894471184186	0.00185281059138593	0.00152210926284564
71821	0.654429515999989	3.26724061599997	0.899614305000003	5.35796237599998	0.971191457000006	0.901479406999997	0.853070724000009	0.817243781000005	0.822298865000005	0.810743320000004	0.0042494107829987	0.000938227473889662	0.000807585970368517	0.000878775146147888	0.00385316730715835	0.00342346032419567	0.00263329183265077	0.00217076750330491	0.00175872567510167	0.00143444752754479
75601	0.689514024999991	3.44129474699998	0.948049362000001	5.63985554300001	1.02351772300001	0.948375189999997	0.897678975000009	0.861956787000005	0.866364827000005	0.854903156000006	0.00450598666104016	0.00109296242565986	0.00096760034641836	0.00106659434009272	0.00419264061777687	0.00357612602379984	0.00304812841292346	0.00266047146793381	0.00219088285960479	0.00117949402066142
79381	0.724241560999994	3.61233274099996	0.995520420000003	5.91134894200001	1.07492516300001	0.993818802999998	0.94115450500001	0.905422330000003	0.909241301000005	0.897920924000005	0.00377036312032229	0.000675053474755657	0.000628763963893336	0.000673102843586984	0.00341169404243816	0.00267684401923652	0.00227709910251409	0.00191338555011042	0.00160365592883855	0.00063019011264335
83161	0.758766740999992	3.78212555799996	1.04286006200001	6.18997929900001	1.12663057500001	1.039561051	0.984922591000008	0.948846426000004	0.952280443000006	0.940892733000008	0.00393371347264117	0.000545467656578556	0.000693461696905712	0.000723716804103091	0.00335142747840229	0.00287193854640766	0.00247767362202212	0.00209734594761718	0.00174166141646775	0.00066706803492092
86941	0.793562169999991	3.95340580799996	1.090841373	6.46795310400001	1.17892579900002	1.086006112	1.02947680600001	0.993274324000005	0.996320267000007	0.98505698700001	0.00344925196318528	0.000459363291663977	0.000588721411406969	0.000606517050317966	0.0027573148144604	0.00238081543030027	0.00203585262925521	0.00174554989058729	0.001511290537118	0.000564711801683338
90721	0.828571017999989	4.12388092299996	1.13865450900001	6.74511202400001	1.23089252300002	1.132191374	1.10199900700001	1.03732284	1.03996495500002	1.02877055200001	0.00341327310810999	0.000462620439634435	0.000543948707345513	0.000553027265281786	0.00281999344541773	0.00242237697105457	0.00204811605356003	0.0017332783519341	0.00148312943652262	0.000518887184609731
94501	0.86392538499999	4.29607402699993	1.186760668	7.02590553400001	1.28358641100001	1.178928666	1.14718001500001	1.081907977	1.08424238100002	1.07278259800001	0.00293001968246098	0.000391735140581905	0.000558684020034027	0.0005948973083941	0.00258195007205005	0.00222921669183271	0.0019035653163308	0.00163976735097716	0.000789506951347742	0.000495790200388244
98281	0.899498307999988	4.47111817799993	1.235815503	7.31027844400003	1.33678827800001	1.225664622	1.19261562700001	1.12701111500001	1.12909718700003	1.11783414600001	0.00283568608183265	0.000363652775361628	0.000509831727714056	0.000538724175569966	0.00252272173009101	0.00219297144976861	0.0018796275362201	0.00162999028337575	0.000741579262273112	0.000470016817448391
102061	0.935749406999988	4.64839880299993	1.28544395999999	7.59914461400003	1.39101579800001	1.27319331100001	1.23875435400001	1.17255040800001	1.17421631600003	1.16332935300001	0.00324333853260996	0.000415133316643557	0.000634910181679651	0.000596619428818935	0.00288895113105965	0.00249093698039074	0.00213374947595135	0.00181840593383327	0.000905944347519238	0.000579964095311419
105841	0.971187621999986	4.82158081599994	1.33400610999999	7.87717388200003	1.44370027200001	1.31992798200001	1.283886638	1.21724113900001	1.21870367800003	1.20781413000001	0.00262071700560813	0.000277256568908548	0.000446911081087744	0.000468538669632155	0.00231812181894723	0.002005592262242	0.00173176986644587	0.00152918972220436	0.000626111298754121	0.000430417929191884
109621	1.00740615599999	4.99894467799995	1.38350280499999	8.16919330900004	1.49758262700002	1.36751257300001	1.33033164100001	1.26291221400001	1.26407271200003	1.25315324100002	0.00242777203861631	0.000225332293075858	0.000164491541063573	0.000485924260826927	0.00214804613858954	0.00186946892764848	0.00163774279271309	0.00146536560483166	0.00056136595090682	0.00040891560880569
113401	1.04356741399999	5.17498695499996	1.43289199099998	8.45878821000009	1.55109304200002	1.41466555800001	1.37583765400001	1.30846608300001	1.30913632000003	1.29779490800001	0.00257098740458844	0.000243967510571803	0.000166141820487897	0.000507147662302979	0.00229275112711018	0.00201452495257533	0.00177336704534142	0.00157474133444997	0.000684323386238795	0.000452876406322054
117181	1.08061689099999	5.35348689499995	1.48337564499998	8.74437092200003	1.60537906300002	1.46270078500001	1.42206904400001	1.35425264000001	1.35471287700003	1.34327489200001	0.00235762003809781	0.00020250033614356	0.000138221964629317	0.000484332816378452	0.00207732832794248	0.00181596608026157	0.00159502243808484	0.000782169130752725	0.000525556098832128	0.000400192555832409
120961	1.11550867399999	5.52526216199994	1.53156287399999	9.0234972350001	1.65758467800002	1.509281258	1.46706045400002	1.39846317200001	1.39886884400003	1.38697302700001	0.00222342364359665	0.000168766793036005	0.000113977078695983	0.000518419978512544	0.00196673573135681	0.00173060642949989	0.00154609867043688	0.000692520494073074	0.000485875901038108	0.000393546193745857
124741	1.15906531399999	5.73639522499993	1.59073987199998	9.35294850400015	1.72056916700002	1.564861566	1.52038749800002	1.45126725400002	1.45155238000003	1.43964424000001	0.00221680468362566	0.000188630900077415	0.00012589442656723	0.000470425389111376	0.00198265842517762	0.00177129310202264	0.00158101610237767	0.000779067449886386	0.000545240582104415	0.000399501075751783
128521	1.19641576799999	5.92610726499994	1.64218684899998	9.6456645090002	1.77611357100002	1.613808252	1.56785467800001	1.53199697500002	1.49841611500003	1.48662928200001	0.00208930222279258	0.000137281609146357	9.23695991197318e-05	0.000116363209365421	0.00186271693480576	0.0016504476772981	0.00149503062298044	0.000653817489947326	0.000494095573033046	0.000437790772066963
132301	1.23228561499999	6.10194089999995	1.69116090699998	9.92107618200015	1.82942890200002	1.66109959200001	1.61354834100001	1.57729202100003	1.54364605600003	1.53189284500001	0.00198501515116245	0.000116245946241239	7.7261674896017e-05	9.58278014891845e-05	0.00176470020104385	0.00156748607638454	0.00142803788758278	0.000574964255170194	0.000428680414763852	0.000378304287840433
136081	1.26849869599999	6.27694116099994	1.74067936099997	10.1816114430001	1.88348154700002	1.70885577000001	1.659748329	1.62291770200004	1.58914977800003	1.57739738600001	0.00193966713001781	0.000106223713861443	7.10585731642863e-05	8.9045545762618e-05	0.00173383499284832	0.00155257948122664	0.000777073967282331	0.000553738938990563	0.000417308377138735	0.000368766186984358
139861	1.30525875999999	6.45576077299993	1.79085821599997	10.4334185970001	1.93844875800002	1.75735300900001	1.706840006	1.66931011500003	1.63509909600003	1.62325683300001	0.00185019879697212	8.82569948232307e-05	5.8541085189617e-05	7.37118328388759e-05	0.00165296493930369	0.00149026991972032	0.000713172215352976	0.000532039438853867	0.000412993660925236	0.000372591933803487
143641	1.34127991899999	6.63207682499991	1.84067054099998	10.6947037950001	1.99277430700003	1.80558528500001	1.75327784500001	1.71504557000002	1.68066172500003	1.66862986400001	0.00179202692095646	8.16999095221883e-05	5.21302544417334e-05	6.34772604665558e-05	0.00161333294587395	0.00145929674193095	0.000656375959091306	0.000496174775426631	0.000401616331762118	0.000379260598444467
147421	1.37679970999999	6.80448740199992	1.88960972699998	10.9401801690001	2.04596812800002	1.85238279100001	1.79865835800001	1.76012952100002	1.72565903200003	1.71350488400001	0.00174108517872276	7.35073557562712e-05	4.57967035634758e-05	5.86136825482352e-05	0.00156321647689963	0.00143020332057301	0.000619406982657628	0.000471998153488525	0.000388326186503502	0.000360210559412955
151201	1.412877122	6.9802244099999	1.93896421499998	11.1796361290001	2.09974402400002	1.900155781	1.844732672	1.80565832800002	1.77102604700003	1.75871265200001	0.00173017353574689	6.64112845756505e-05	4.39548727209735e-05	5.6134965678438e-05	0.00156576427657202	0.00143583350885064	0.000613104680981324	0.000473085135529936	0.000392280176002483	0.000369855132566096
154981	1.449683943	7.15879668799989	1.98957113699998	11.4097811850001	2.15500746800002	1.94891685	1.891737653	1.85249961800002	1.81728276800003	1.80492367400002	0.0017001308479074	5.92912553540491e-05	3.67225513277145e-05	4.71740139526957e-05	0.00154848089961675	0.000778970454741898	0.000577467104592694	0.000449127847453328	0.000386281066714454	0.000367528713108193
158761	1.488082339	7.34605054299987	2.04216437599997	11.6650925530001	2.21260557700001	1.999358136	1.94068492	1.90093635300002	1.86540064200003	1.85314400200002	0.00167799456834326	5.01011159435936e-05	3.26601029593315e-05	4.15564382840125e-05	0.00153080311393841	0.000757433019510124	0.000571745404186377	0.000447343213644177	0.000380777130716339	0.000367285135860316
162541	1.530588394	7.55223678899986	2.09998587499997	11.9332640100001	2.27514468900001	2.05457948099999	1.99363507000001	1.95380445200002	1.91824646000003	1.90542782400002	0.00165393658184406	4.97518791009327e-05	3.0266649105034e-05	3.87245280423742e-05	0.00150333293149138	0.000710832432807133	0.000542052172735971	0.000428950591517532	0.000374190546260478	0.000367982910696263
166321	1.569084324	7.73696069399986	2.15277439299997	12.1803252840001	2.33217475100002	2.104693895	2.04205276200002	2.00191300300002	1.97409894100004	1.95321989000002	0.00158556882402626	3.98480348885685e-05	2.41400956352576e-05	3.36369633682794e-05	0.00145495855613308	0.000653070807853577	0.000507688740237797	0.000410143149043795	0.000362629667812666	0.00036360826164369
170101	1.607932617	7.92518172099987	2.20577592799997	12.4022423280001	2.38988467700002	2.15577545	2.09148974400002	2.05079068000001	2.02245219700004	2.00159279900002	0.00154718715950611	3.69640647882039e-05	2.18802011479633e-05	2.84604163421001e-05	0.0014279851788024	0.000623741821274552	0.00048969668592122	0.000406667969903742	0.000370781224726751	0.000368506453039947
173881	1.64433118	8.09965760599988	2.25574261699998	12.6069501870001	2.44437068900002	2.20369348599999	2.13741314500001	2.096583677	2.06782522900005	2.04707701000004	0.00154708734125494	3.55252766852933e-05	2.10397921208765e-05	2.70582799981498e-05	0.000822587018558165	0.000615426444950369	0.00048350529877187	0.000404170652065034	0.000374694736117081	0.000375992121819741
177661	1.680526717	8.27455723199989	2.30545479199999	12.7751369110001	2.49839869000003	2.251433958	2.18346543400002	2.14226715000001	2.11357149000007	2.09266092800004	0.00153849262730578	3.73892532209846e-05	2.38296802765866e-05	3.23493000022716e-05	0.000815750365827529	0.000641422447468013	0.000507312066362415	0.000423175401194881	0.000380445121511186	0.000164092205666646
181441	1.718163345	8.45671642399997	2.35790793499999	12.9460133290001	2.55484690200002	2.30156243600001	2.23192726700003	2.18997332	2.16061613400008	2.13986191800003	0.00153580800919562	3.28673229388984e-05	1.92093012294794e-05	2.51773560214758e-05	0.000775408935344663	0.000605450322349431	0.000473556952431987	0.000397178835216583	0.000366599147276742	2.61274244402349e-05
185221	1.753765568	8.63009767700003	2.40760038399999	13.091311639	2.60902660400003	2.34987903900001	2.27814996000002	2.23612050500001	2.20633140300009	2.18512619100004	0.00146853226712128	2.57572777025016e-05	1.47373912264517e-05	2.05302452437773e-05	0.000695245358660095	0.000547705022650626	0.000439619784429832	0.00038349836241506	0.000362836622007268	2.08171812688794e-05
189001	1.79158691700001	8.81593667400003	2.46026749099999	13.2735577810001	2.66610817800002	2.40017812300002	2.32722916600001	2.28471912100001	2.2544009670001	2.23314036000005	0.00105874838474505	2.18632250539564e-05	1.24535466364655e-05	1.72296681402759e-05	0.000655918851185411	0.00052168201817504	0.000426727455003863	0.000382084322412356	0.000369702880119681	1.6276349750384e-05
192781	1.828265473	8.99354579000001	2.510245445	13.479706068	2.72063161700001	2.44789014200002	2.373721374	2.33036061300001	2.3000730720001	2.27894063900005	0.000801123575732673	1.82340690030753e-05	9.83675175329384e-06	1.45821559052187e-05	0.000650085122115519	0.000512733295759149	0.000418400853992988	0.000372708569811644	0.000360631015310665	1.32442230759765e-05
196561	1.866710167	9.17913098199999	2.56348169899998	13.682775886	2.77796773200002	2.49859691500002	2.422779118	2.379297835	2.34853099800009	2.32696835400006	0.000797245301737465	1.91807113033253e-05	1.14991096369848e-05	1.72278460063143e-05	0.00065179908960534	0.00051853314029984	0.000425676978959288	0.000379471025931358	0.000261639082845728	1.50016999108256e-05
200341	1.903655574	9.35856609000001	2.61465353699999	13.864074286	2.833831272	2.54781628800001	2.470369619	2.42639197499999	2.39503894500009	2.37375927100006	0.000709431301174686	1.49031425093978e-05	8.01333622642367e-06	1.20939524740537e-05	0.000569889969096806	0.000469646240729049	0.000396107081076886	0.000362965774577877	4.61161750634669e-05	9.80207341693018e-06
204121	1.940992092	9.54146073699999	2.66653449199999	14.0053396469999	2.89060979599999	2.63506679400001	2.518655446	2.47441210700001	2.44280224600009	2.42125062500007	0.000682395136725228	1.17402600245907e-05	6.45007034438017e-06	9.64333901299659e-06	0.000551483431555415	0.000460736611486744	0.000397316547416704	0.000374205191371826	3.50404651643223e-05	7.37306981470611e-06
207901	1.978844766	9.727245081	2.71907667599999	14.168561494	2.94777655899999	2.68612978100001	2.56794140699999	2.523133242	2.49137603400009	2.46930439100006	0.000697284536215442	1.25627101433118e-05	6.66989918693332e-06	9.94358620958228e-06	0.00055768766587135	0.00046207060008608	0.000398532232600673	0.00037078749221398	3.59177229832467e-05	7.71727351500065e-06
211681	2.01442969399999	9.90212193200001	2.76941745699998	14.261405748	3.00270615899998	2.73484105300001	2.61461043199999	2.56927040899998	2.53741117100008	2.51532891300005	0.000663630099152037	1.16772376813103e-05	6.03355293389601e-06	9.06387107482467e-06	0.000532129798853005	0.00045040987312949	0.000389309368621407	0.000363410461320367	3.21073012635959e-05	6.74229223333129e-06
215461	2.049978595	10.076950676	2.81949176799999	14.34414431	3.05804508399998	2.78399351500001	2.66236893499998	2.61649724199998	2.58461183200008	2.56239115300006	0.000629796091503592	1.0800214269592e-05	5.51454916682702e-06	8.29844638317649e-06	0.000510446316809708	0.000437786661087498	0.000385169121195092	0.000362743731595313	2.86936621193936e-05	6.05172897813299e-06
219241	2.08684463400001	10.258213722	2.87106544	14.424172311	3.11497189799998	2.83494170300002	2.71126778499997	2.66512748599998	2.63313029300008	2.61043332700005	0.000596395371204168	8.01147773577543e-06	4.29086442026347e-06	6.64482871824029e-06	0.000495751626648972	0.000424688464687898	0.000407435033038256	0.000399706896232092	2.38429235300828e-05	4.50692411329015e-06
223021	2.122889827	10.43416857	2.92058828699999	14.558376798	3.16942174699999	2.88304862700001	2.75758117499997	2.71099918399999	2.67869037700009	2.65607987800007	0.00057164970196686	7.78845115615411e-06	4.23970902358763e-06	6.54630415241237e-06	0.000467685190333361	0.000390392254213327	0.000351458071450888	0.000361308335901704	2.30177757574706e-05	4.45983623419386e-06
226801	2.15867390300001	10.608467843	2.97054208899999	14.6394504389999	3.22412154799999	2.93147031100002	2.80471845699998	2.75754099399999	2.72490564200009	2.70227254600007	0.00056681486995313	7.30680890605056e-06	3.74955263295086e-06	5.84036533633482e-06	0.000469162919655504	0.000398402574798699	0.000359322142346929	0.000242455913239495	2.05342567039323e-05	3.71499090014349e-06
230581	2.19479280500001	10.7856559919999	3.02093285399997	14.7210624579999	3.279478095	2.98070163200002	2.85207397699997	2.804716736	2.77175056900009	2.74885368200007	0.00054737988693196	6.61794864255717e-06	3.22263346717569e-06	5.12218902679619e-06	0.000452447522048679	0.000383308835482271	0.000348094900201387	6.19385836344313e-05	1.8718994367182e-05	3.26259165082686e-06
234361	2.230397844	10.9621155929999	3.07102267799997	14.798394139	3.33422721499999	3.02945343700002	2.89939574999997	2.85158356599998	2.8182504230001	2.79525461700008	0.000612514188550102	6.7213371890089e-06	3.68478175230119e-06	6.09394108367097e-06	0.000494485969890216	0.000408274027119966	0.000365322775559643	6.33283924868312e-05	1.99499566264756e-05	3.28265190920908e-06
238141	2.267851555	11.146401146	3.12301918199998	14.883033047	3.39119532599999	3.07993709900004	2.94817048499997	2.89988747499999	2.8664916430001	2.84358909700008	0.000524293865929702	5.34364103350764e-06	2.64758054061108e-06	4.20036892923397e-06	0.00043937372373309	0.000383787371809552	0.000350584688902421	5.04159573060547e-05	1.59500521438998e-05	2.54144273918377e-06
241921	2.31279292599999	11.3718807429999	3.18655759199999	14.970418206	3.45986858399998	3.14057204700004	3.00751707299998	2.95800785799999	2.9247552110001	2.90168627300007	0.00050080916553782	4.92298159398793e-06	2.42080604154177e-06	3.95616583229649e-06	0.000417586342619942	0.000362330921886187	0.000335827632355048	4.62068058894261e-05	1.46126877431764e-05	2.2714993226636e-06
245701	2.34961119800001	11.586769731	3.23775030399999	15.028678947	3.51715059499998	3.19151811300003	3.05709679699997	3.01502876399999	2.97366821500011	2.95042564500008	0.00048440158400764	4.35648084045571e-06	2.08348813000245e-06	3.486652810014e-06	0.000407267041490875	0.000356302013557824	0.000330751377872453	4.10697794823398e-05	1.27284274093732e-05	1.90396142873093e-06
249481	2.38458228	11.762366994	3.286748663	15.085880909	3.57199656899998	3.24010806000003	3.10425169899998	3.06137592299999	3.01979803200012	2.99664688400009	0.000469958477189873	3.88264571635582e-06	1.89667996234236e-06	3.28063260273011e-06	0.000401144646999493	0.000356591045462846	0.000336022994902622	3.73119594969113e-05	1.13427900959751e-05	1.65165266755155e-06
253261	2.420067147	11.9404983	3.33610708899998	15.142279854	3.62738236999998	3.28946166400004	3.15160620299998	3.10846543199999	3.06658704800011	3.04348428000008	0.000536996418359509	5.06901458576627e-06	2.7478966169071e-06	4.49866583106666e-06	0.000450835740918545	0.000386032300823119	0.000350060820401637	6.00595511814916e-05	2.03917960308194e-05	3.07463598492175e-06
257041	2.455906759	12.1194017	3.38597316399998	15.198188504	3.68324602599997	3.33931923900004	3.19982565399999	3.15599897399999	3.11407430100012	3.09126711700008	0.000465136832637402	3.31292684976324e-06	1.57122127537502e-06	2.6961727308481e-06	0.000400807387472401	0.000361780913600796	0.000343421495426099	3.3978535872228e-05	1.00819706420321e-05	1.33062805261502e-06
260821	2.49074345700001	12.294535077	3.43368865299999	15.245966759	3.73811905699996	3.38756754000004	3.24652545999999	3.20221377999997	3.15988455500012	3.13704916700008	0.000436647011189737	2.85191528137079e-06	1.3560209719501e-06	2.49532307290552e-06	0.000378476798207517	0.000343300639876647	0.000328180456018197	2.95048954345124e-05	8.60916710043498e-06	1.091181649852e-06
264601	2.526734053	12.4770511459999	3.48305203	15.293358631	3.79470654799995	3.43753233700004	3.29510067	3.25031967699996	3.20757299900011	3.18485357900007	0.000438598180853247	2.55020830662787e-06	1.28375374842839e-06	2.45348049202481e-06	0.000382407780899987	0.000346906348349841	0.000331521319515179	3.048956980764e-05	9.18235795610321e-06	1.12705948134448e-06
268381	2.56371769400001	12.6644172319999	3.533805883	15.3398116710001	3.85254153999995	3.48866502900004	3.345013305	3.29952596699996	3.25689156200011	3.23350047800007	0.000421032469665773	2.29676245040235e-06	1.06830011823851e-06	2.02048131056332e-06	0.00037090422515849	0.000342490944931862	0.000329725438207201	2.44232283632186e-05	6.87289788464569e-06	8.1084349880786e-07
272161	2.59927029300001	12.842454622	3.58295582599999	15.3863922600001	3.90864477799994	3.53764867700006	3.392628119	3.34677281899995	3.30368622800011	3.28006820400006	0.00042783586253772	2.19055284899949e-06	1.11427734153666e-06	2.21927893161189e-06	0.0003747982312695	0.000345392417881922	0.000159355790089117	2.52188595058414e-05	7.20233474284937e-06	7.87445090015238e-07
275941	2.63541246100001	13.0244150089999	3.633474756	15.4388508980001	3.96480454399993	3.58760658700007	3.440980802	3.39467155199994	3.35135420800011	3.32766601200007	0.000410702930125298	1.90120408926096e-06	8.58648719668124e-07	1.69560011740335e-06	0.000364921131714396	0.000339159628997712	5.6106036647458e-05	2.11895561409961e-05	5.73610335960605e-06	6.17215236519865e-07
279721	2.67161320800001	13.2053955599999	3.68216124000001	15.4794133460001	4.02141326999994	3.63852552800009	3.4902306	3.44327417399995	3.39984801700011	3.37605875500007	0.000403534530036219	1.66470891516212e-06	8.18544200643202e-07	1.80939756220865e-06	0.000359847052980714	0.000334539540105441	5.45760686973784e-05	2.14121564101362e-05	5.95479830444369e-06	6.60121569091435e-07
283501	2.71403288600001	13.4183998059999	3.73899681200001	15.5233321490001	4.08655977599998	3.69639178800008	3.54616760499999	3.50393236999995	3.45518060200011	3.43122202200007	0.000391887005385564	1.53672591272587e-06	7.43628785534691e-07	1.52495472311394e-06	0.00035404911922475	0.000334364824397209	4.59887817286743e-05	1.74956642446525e-05	4.59223048026127e-06	4.65619819161646e-07
287281	2.75626793500002	13.675856702	3.79521575200002	15.5645691200002	4.15183884299999	3.75417281100008	3.60168669099998	3.55904412799997	3.51019615900012	3.48641624700006	0.000396026951775143	1.31419034744317e-06	6.53399326981462e-07	1.42763156199776e-06	0.000362508282520458	0.000346025704927434	4.28486182403218e-05	1.60041012370177e-05	4.13356268901526e-06	4.11398457548421e-07
291061	2.792875606	13.861751676	3.84471833800002	15.6034767200001	4.20933195199998	3.80498016000007	3.65082946799998	3.60826685799996	3.55918310400013	3.53537806900005	0.000389453773486459	1.17395484480884e-06	5.71962772541338e-07	1.36850089739322e-06	0.000355219123880472	0.000337834311822849	4.14281430888763e-05	1.51022965874332e-05	3.89385954402829e-06	3.50458421448927e-07
294841	2.829731651	14.0469342419999	3.89403940800003	15.6426728930001	4.26675094999996	3.85667173500007	3.70047729099998	3.65743878599995	3.60808913100012	3.58417728300005	0.000381800474169764	1.06917865672536e-06	5.334747224927e-07	1.29329228605666e-06	0.000350241952451015	0.00033399315888318	3.85176963282636e-05	1.40419968279937e-05	3.54374620796457e-06	3.09989809157526e-07
298621	2.86588099800001	14.230757921	3.94214284200002	15.6786313930001	4.32390823599993	3.90721331900007	3.74966727299998	3.70585634399997	3.65648790500013	3.63260096300006	0.00038079753784877	1.0501030356476e-06	5.29872080692111e-07	1.22394606032065e-06	0.0003489154805354	0.000333326994618235	4.17072128472093e-05	1.59608555531917e-05	4.16537136540481e-06	3.57383420579922e-07
302401	2.903226537	14.4198481269999	3.99193576900002	15.7151667320001	4.38284583199992	3.95963179400007	3.80058611299998	3.75621913499996	3.70667435800014	3.68274104100006	0.000379960232869609	1.01248985600692e-06	4.70535661310997e-07	1.05846474809734e-06	0.000350210024049121	0.000336452381908107	3.60277110037138e-05	1.29552983334647e-05	3.12592095518533e-06	2.66422165918106e-07
306181	2.941608178	14.6148824499999	4.04258337600004	15.7502363510001	4.44329716999993	4.01288646900006	3.85249245199998	3.80708281399995	3.75743409500014	3.73347017500007	0.000381587965622274	9.4816059411203e-07	4.39737233492602e-07	1.01292724973906e-06	0.000355418097042678	0.000345871697248302	3.42405704990735e-05	1.22606831314641e-05	2.91673407680116e-06	2.43663193830583e-07
309961	2.977834922	14.7997727369999	4.09011587100005	15.7838705840001	4.50067879799994	4.06357906300004	3.90170320699998	3.85572605899996	3.80589949200014	3.78246774700006	0.000382851764053067	9.08109972579411e-07	5.26397480761321e-07	1.26177798709294e-06	0.000344946004961016	0.000325597114866332	3.91738724286668e-05	1.38747514418544e-05	3.30505039715717e-06	2.64632219935387e-07
313741	3.014131262	14.9839056379999	4.13840532300006	15.8196804800001	4.55803379899994	4.11394483800001	3.95071789299998	3.90410823999995	3.85425089200015	3.83065886100007	0.000361892455908223	6.25462921788849e-07	3.57298466214467e-07	9.18218656622082e-07	0.000340883274885527	0.000331832401852031	2.67959971539165e-05	9.35856834989931e-06	2.17537405269115e-06	1.59699712942166e-07
317521	3.04956125700001	15.164143824	4.18590454100007	15.8552003720001	4.61433097399992	4.16397238900001	3.99935924099999	3.95243363199995	3.90190261600014	3.87822411900007	0.000352048412887537	5.38567840109447e-07	3.0006842710392e-07	8.13753382289917e-07	0.000334251612622131	6.4032774482827e-05	2.36829001132295e-05	8.01470084024852e-06	1.79896258032455e-06	1.23263135738056e-07
321301	3.08399844500001	15.3382507219999	4.23135317900006	15.888249463	4.66877271499992	4.21244292000002	4.04629974699997	3.99953902499996	3.94826282800016	3.92459828800007	0.000369795467509764	8.10241441785772e-07	4.15579153803522e-07	1.07571096960031e-06	0.000341182150619946	7.40580039964519e-05	3.52002341200484e-05	1.20552764379503e-05	2.83517586311559e-06	2.20909449735719e-07
325081	3.11956614200002	15.5180110639999	4.2778018980001	15.9215360740001	4.72474964599991	4.26213351300002	4.094368497	4.04705454699995	3.99574528000016	3.97220206900007	0.00034327777364549	4.65606401471724e-07	2.90496973589736e-07	8.70067832679743e-07	0.000329277043195347	4.84426021162352e-05	2.1597498531397e-05	7.33065633665546e-06	1.69986388752741e-06	1.14586453120935e-07
328861	3.15458391400003	15.6951561419999	4.3235560270001	15.954111727	4.78007653199993	4.31141136800004	4.14195861999998	4.09412082999996	4.04261690900017	4.01923789700008	0.000339669163372977	3.42769561158248e-07	2.66625565177842e-07	7.25910703803552e-07	0.000326269465761903	4.49858128593103e-05	1.94537345939883e-05	6.45881316815991e-06	1.44747809015127e-06	8.76114493934975e-08
332641	3.19106305600004	15.8792900919998	4.37894691200008	15.9875709910001	4.83767273899992	4.36223611300003	4.19138098999999	4.14309536199994	4.09135939500017	4.06788495700008	0.00034878969035121	4.57018678622462e-07	3.07283903448247e-07	8.57834163311826e-07	0.000331754109766143	5.57962100230696e-05	2.5403911371223e-05	8.54658333950513e-06	1.97609388033333e-06	1.31323479281109e-07
336421	3.22615140400004	16.0578658249999	4.42470211100006	16.0200487950001	4.8932358599999	4.41158211100002	4.23925072999998	4.19064642699994	4.1384749630002	4.1148294470001	0.000339898312028872	2.74447701957968e-07	1.96913480764493e-07	5.87614808443699e-07	0.000331113379845081	3.69222936217735e-05	1.52917737388047e-05	4.71824631041443e-06	9.53158234854394e-07	5.28954792640388e-08
340201	3.26114267800006	16.2368143549999	4.47067256100006	16.0520726960001	4.94880093499989	4.46077074700002	4.28674245299997	4.23790127499992	4.18571798000017	4.16189166500009	0.00033986027411216	2.64210294836487e-07	1.8700797800277e-07	5.69946369573264e-07	0.000329680721853802	3.72271988226666e-05	1.53810777427986e-05	4.68609091013728e-06	9.34970039991954e-07	4.98244879859097e-08
343981	3.29774470800005	16.4213651209999	4.51820867200007	16.0851562620001	5.00643389699988	4.51180550400002	4.33638298899996	4.28702518199995	4.2343350800002	4.21080638600008	0.000332839189347837	2.90211486493036e-07	2.38928504363196e-07	7.10104561220919e-07	0.000320877127038313	4.42392682587731e-05	1.94618896166647e-05	6.44855284703044e-06	1.41760901994605e-06	8.76755566148976e-08
347761	3.33382626300005	16.6003336289998	4.56402417500008	16.117671554	5.0627199229999	4.56161079700002	4.38437491899996	4.33515423099997	4.2816647100002	4.25832018300007	0.000339044652936211	2.28551531650745e-07	1.70629256202658e-07	5.22302450362489e-07	0.000329910634401618	3.38279539051944e-05	1.37239257927614e-05	4.09042075681875e-06	7.93756891561834e-07	4.09984372509051e-08
351541	3.36884425400006	16.7765002719999	4.60969463300008	16.1496636220002	5.11840419299992	4.61100357100004	4.43179909799997	4.38223725799997	4.32842174400017	4.30521900400005	0.000340529998537305	1.97457668971469e-07	1.8277340055881e-07	5.85000555666354e-07	0.000329500354870517	3.69783298443916e-05	1.49717875231899e-05	4.45583721384315e-06	8.52168714418058e-07	4.22050355606077e-08
355321	3.40445820200007	16.9575675159999	4.6560044940001	16.1823751590002	5.17452721899993	4.66110889800003	4.48028966900001	4.43066520899998	4.37620195000019	4.35309941600006	0.000338571213946517	1.55774470069533e-07	1.56252577212537e-07	4.9752910419795e-07	0.000334666128132118	2.89309854924634e-05	1.15465626545592e-05	3.36095809703306e-06	6.41591261812596e-07	2.85767673900582e-08
359101	3.44066884600006	17.1394489799999	4.70297756800009	16.2152552600002	5.23091769099995	4.711109957	4.52904762700002	4.47878046799997	4.42435582000016	4.40108913500007	0.000327403043154935	1.31635820784663e-07	1.39264421863651e-07	4.57797384904319e-07	5.8761241960119e-05	2.56436991783748e-05	1.01230099001826e-05	2.86793133049423e-06	5.24403546242029e-07	2.19620593730947e-08
362881	3.50151885000006	17.4379315759998	4.78812118000011	16.2729297570002	5.31738081099997	4.78513464600001	4.60132446700002	4.55141274399996	4.49822255200015	4.47557927900004	0.000336385480463294	1.58029303379177e-07	1.63395060042349e-07	5.35825844827385e-07	6.08504922295172e-05	3.12681910010111e-05	1.27539993274254e-05	3.67893509527193e-06	7.09677138497934e-07	3.35834361899393e-08
366661	3.57234043200005	17.7915146879999	4.90431489700016	16.3318795340003	5.41665208099999	4.86986615000002	4.685141398	4.63459561999995	4.58062082000015	4.55874252000003	0.000327282408323357	1.0211633027119e-07	1.37483555971004e-07	4.34566569309383e-07	5.10431693270094e-05	2.51274502342963e-05	9.79283987984831e-06	2.70931138469333e-06	4.8838284312539e-07	1.99661279171712e-08
370441	3.61264076600006	17.995276321	4.95626419300017	16.3680761110002	5.479102902	4.92491964300002	4.73861495099998	4.68780625699995	4.63418158500015	4.61151597900005	0.000331463848197431	8.6669235620279e-08	1.12494184373352e-07	3.80399969474758e-07	4.22927283450014e-05	2.05619099055983e-05	7.7173809968306e-06	2.0746276889177e-06	3.55799458877695e-07	1.30880458350998e-08
374221	3.65423009500007	18.261637907	5.01055344500017	16.4057223460002	5.54478457800001	4.98250923199998	4.79452470899998	4.74262774299997	4.68927256600014	4.66635027800006	0.000317587943282831	7.32358396832773e-08	1.14463510692066e-07	3.96974630884803e-07	3.99390928253332e-05	1.96390927825365e-05	7.37942441007217e-06	1.99593542697774e-06	3.45942042829686e-07	1.22273709809858e-08
