k	min_res_srk	min_res_esrk	min_res_hb_double_inexact	min_res_hb_opt_beta	max_res_srk	max_res_esrk	max_res_hb_double_inexact	max_res_hb_opt_beta	median_res_srk	median_res_esrk	median_res_hb_double_inexact	median_res_hb_opt_beta	quant25_res_srk	quant25_res_esrk	quant25_res_hb_double_inexact	quant25_res_hb_opt_beta	quant75_res_srk	quant75_res_esrk	quant75_res_hb_double_inexact	quant75_res_hb_opt_beta
1	0.145554783885574	0.101265492438378	0.100438764097829	0.109413878636055	0.239815657139665	0.200336889285097	0.196510646633891	0.247116425150678	0.174338334256745	0.128147876793025	0.127821602832545	0.137871477715587	0.164166770578198	0.115185432418487	0.11501988632284	0.126061794037135	0.199302158550411	0.142124123462643	0.140327949097797	0.155713826870878
1001	0.0566640797955631	0.0400467881334927	0.0371436952667342	0.0373591737184943	0.114116671780018	0.082002981201884	0.0771454474096329	0.0784406503849955	0.0835891996378535	0.0505495643919482	0.0504576398817679	0.0534732333349545	0.0752355711384329	0.047148165840958	0.0469654589182514	0.0478996445226786	0.0908257626314274	0.0568208698168256	0.0556521361809702	0.059240352443319
2001	0.0341836480836899	0.017924901049423	0.0171622045984996	0.0168597834025042	0.0646891169600958	0.0404876918167812	0.0410797879239769	0.0479786957893459	0.0510048192802594	0.0281921212378112	0.027366979547385	0.0266344592743975	0.0457775024371173	0.0232833029852387	0.0231250461955706	0.0239904849763819	0.0562291441572253	0.030841959733736	0.0303748583948842	0.0307728750821384
3001	0.0211027725372035	0.00964925130501118	0.00853822527439402	0.00844741183699046	0.0490258737676907	0.0258483801192351	0.0271194386451262	0.0311987129121707	0.0331935047136546	0.0157239366890317	0.0156441041146151	0.0161561684367535	0.0278768272885066	0.0138697843743976	0.0135991139340392	0.0131007201473418	0.038409307162743	0.0186738650295736	0.0185857541152973	0.0195515291078934
4001	0.0140170060518506	0.00589218851273759	0.00483508599003948	0.00527714450186803	0.0382497410985133	0.0180654232564105	0.018448185914745	0.0193288652426265	0.0236689323299801	0.0100235221686856	0.00967591965832573	0.0109782817932997	0.0189783729213991	0.0086207668451626	0.00820373610848079	0.0081019295556538	0.0278568439456732	0.0127849112413851	0.0124118686287386	0.012768555367205
5001	0.00975090667440763	0.00364185141985178	0.00288246791175885	0.00340279112079751	0.0324594031415451	0.0153251406448801	0.0137858678513663	0.013484399891831	0.017219700520532	0.00644310070371555	0.00634702073914467	0.00664456619895294	0.0131474470173227	0.00552096644133005	0.00524102740242984	0.00525629021612563	0.0201184938290812	0.00894721793592444	0.00855423259538013	0.0085016943620077
6001	0.00625555801432788	0.00259677832150477	0.00202504007762098	0.00193056399804305	0.02825508133694	0.0122219650130936	0.0110280136030547	0.0111289040726691	0.0128499297102565	0.00434071993358201	0.00413280524480561	0.00442306056844217	0.00990394358261865	0.00365068509744743	0.00350593808254674	0.00342129104628405	0.0150169137700086	0.00653774270606628	0.00638714525104115	0.00592802417187448
7001	0.00415956853306995	0.00160078363139185	0.00135772647932031	0.00119152102826762	0.0239874113890735	0.0101860949808426	0.00882064127954067	0.00828591879246089	0.00976290922345693	0.00332001615785858	0.0032145045956404	0.00306459784281855	0.00717678736641283	0.00245818275548927	0.00239866834489325	0.00236481179259418	0.0116983552834459	0.0047258947494746	0.00428415788951083	0.00410950496468182
8001	0.00288768442777126	0.00102181894141864	0.000791742310437555	0.000783636633630746	0.0207183249147606	0.00776434705558421	0.00698817146823489	0.00684639651022605	0.00769699073570506	0.00242276650881364	0.00233240011995457	0.00226593310314551	0.0055401850562974	0.00170860032980267	0.00167503693100591	0.00157055519673472	0.00949961292195268	0.00327580596044446	0.00297924571811095	0.00310829250500232
9001	0.00210136748050109	0.000639440553615032	0.000581851647720255	0.000473769418176459	0.0166066506567963	0.00583738805628717	0.00522707276875834	0.00537944743744234	0.00596069660530432	0.001818483008312	0.00167772893925204	0.00154837232436426	0.00398899499034974	0.0011221706302421	0.00109777224617026	0.00108983368455986	0.00776338780547642	0.0024791571943207	0.00238706184161332	0.00239307169315284
10001	0.00150945998919108	0.00041215646345165	0.00039757822009819	0.000335882938101948	0.0147003842248029	0.0052335700130545	0.00470837537398363	0.00408003373698864	0.00496280964751173	0.00137688146447242	0.0012790395947012	0.00120699761014893	0.00307375141973495	0.000775675946992688	0.000783275131588167	0.000772653956775114	0.00642532643095556	0.00190708133741015	0.0018021952126139	0.00180413630864526
11001	0.00117326579689029	0.000291825824747335	0.000273244783049063	0.000215972008247897	0.0126086523148535	0.00411123809855615	0.00375782933236744	0.00341814677974309	0.00388924090909655	0.000986209319202964	0.000968476921166986	0.000880700056532949	0.00242034984901709	0.000560501651696662	0.000520546707873366	0.000519232403058302	0.00534452697939886	0.00145672298242228	0.00141123105944745	0.0014132680200492
12001	0.000884889401344243	0.000202136842069912	0.000192445177853522	0.00014473526354507	0.0113088552295322	0.00341492652110934	0.00299186172046568	0.00245788364586086	0.00323982305869999	0.000754089738465948	0.000747072866733256	0.000680588170286499	0.00195552451289191	0.000381693565920016	0.000360792382127235	0.000372220954087037	0.00441575680573331	0.00109070225068705	0.00107959666009124	0.0010765813493177
13001	0.000610048301878551	0.000120769921966705	0.000114535527257995	9.30078583106803e-05	0.00995135144344149	0.00298472060584595	0.00265883934466404	0.00224910103459071	0.00269800660725937	0.000520140093795555	0.00051035224643425	0.00050208535845134	0.00152346889541025	0.000278154297593016	0.000263067893827161	0.000284119012095088	0.00372693090250932	0.000859012015643142	0.000853578051356056	0.000849485223105027
14001	0.000472306064625426	8.63246264133809e-05	8.24433548138061e-05	6.88665123583087e-05	0.00912362449267987	0.00249013616611383	0.00224081947632403	0.00196123782905527	0.00206023875534632	0.00038157556245506	0.000371375552618306	0.00036674610366198	0.00126899934062495	0.000191836171696824	0.000180519104124505	0.000197940841018912	0.00319697565002824	0.000683616796732425	0.00067775070797768	0.000689584397199082
15001	0.00037166050012822	6.23864723900553e-05	5.98512036240239e-05	4.80476237516373e-05	0.00832727428765636	0.0020563699830735	0.00194156703758035	0.00183821180301536	0.00169828811671056	0.000302300030073841	0.000287055245351769	0.000283957758690673	0.00100127575600988	0.000136632646724323	0.000130901116424558	0.000148593158445934	0.00275517789959448	0.0005747889237039	0.0005849411663716	0.000531772353969351
16001	0.000287276237383756	4.31800790171573e-05	4.06097909963532e-05	3.09517821608604e-05	0.00736008261231627	0.001874601801107	0.00173841508946283	0.00150701137128502	0.0014117584023151	0.000235690165151376	0.000233885904886976	0.000209273747357512	0.000825966432454476	0.000101978611468677	9.84264787000005e-05	0.000108978197477677	0.00240830817796574	0.000468661336691987	0.00046300115562363	0.000428693566624308
17001	0.000210641023284509	2.90768027645936e-05	2.74157563507763e-05	2.10568483496407e-05	0.00694658766142265	0.0016911194891913	0.00153234309135018	0.00132847934853617	0.00118000446235681	0.000171272040378417	0.000168606494969439	0.000160513539530131	0.000655731748926667	7.09562572463213e-05	6.80864990938412e-05	7.81966560008025e-05	0.00200765319410457	0.000386328521519136	0.000371984520810579	0.000359945727486211
18001	0.000156031848118078	1.90181802157533e-05	1.78680861938774e-05	1.42564043776779e-05	0.0060930149352801	0.00141462987414969	0.00130437752118813	0.00109705529422647	0.00101005028353772	0.000125250039923671	0.000123986337393145	0.000120321568205743	0.000499462848462499	5.66932902141711e-05	4.97903479045593e-05	5.33443814716979e-05	0.00179701603122258	0.000317236140800902	0.000303020007941136	0.000283715237233173
19001	0.000111398647794409	1.2149267432505e-05	1.13899262840817e-05	9.17006916681255e-06	0.0054359815094062	0.00128034923601593	0.00125019246781164	0.00102444121240998	0.000843701055941961	9.90810223425816e-05	9.8535402956391e-05	9.60079691525697e-05	0.000398251931179166	4.21482420916936e-05	3.71080746222675e-05	4.01397282111829e-05	0.00154597784863754	0.000254611623949504	0.000244597223374695	0.000225462533273221
20001	8.73806862286384e-05	8.5168440329889e-06	8.01843488387367e-06	6.36241142240994e-06	0.00486597520313523	0.00120536669868394	0.00116042939140497	0.000989362685461545	0.000717568986403195	7.6685521296692e-05	7.65115451044537e-05	7.15998126475168e-05	0.000318504782262308	2.97741145786376e-05	2.64499192453373e-05	2.96150624713602e-05	0.00135307451144042	0.000215569203020773	0.000208638099907056	0.000185287491944091
21001	6.95146477037443e-05	6.01425004191061e-06	5.51640234121434e-06	4.06058225042186e-06	0.00468747608617072	0.00107624221273458	0.00109379315328384	0.000892017596253259	0.000613995178109909	5.97676632860534e-05	5.7751953378281e-05	5.20286255650375e-05	0.000250830747830866	2.26619597577493e-05	1.98685010594794e-05	2.30539272869954e-05	0.00118122410833153	0.000180803777857154	0.000168318570525798	0.000152063667638909
22001	5.10214459775808e-05	3.9495646701415e-06	3.64810857724567e-06	2.83574150304846e-06	0.00404578797258996	0.00101050719097355	0.00104141940861268	0.000799133459831707	0.000515787635204648	4.44158365392442e-05	4.47903776926595e-05	4.23128062745756e-05	0.000211758129143633	1.76406350735261e-05	1.51659379367299e-05	1.70424483241766e-05	0.00104261868253127	0.000158150996868017	0.000145477830299283	0.000127257378007251
23001	3.72962162969898e-05	2.64924697958147e-06	2.43348755336039e-06	1.89040472064482e-06	0.00355098226853125	0.000867768347176744	0.000893218227107527	0.00069380070940612	0.000456585931516491	3.37506002366166e-05	3.45255510895e-05	3.23526807183632e-05	0.000168934312126461	1.24396146966465e-05	1.0661695413755e-05	1.29620986065427e-05	0.000942285056558272	0.000133508911539307	0.000122403134031357	0.000103359359940452
24001	2.84944811962699e-05	1.8127681772055e-06	1.6307284440388e-06	1.28026488847583e-06	0.00333393916969541	0.000809226952998844	0.000848694087176002	0.000654285693634792	0.000378386765112445	2.57394626400491e-05	2.57525629684463e-05	2.54233997483535e-05	0.000140979041700551	8.74197976030582e-06	8.20212879701022e-06	9.73865408471358e-06	0.000827843417390683	0.000113304968774717	0.000105442225262281	9.0599823569959e-05
25001	2.12792657961256e-05	1.21705691364909e-06	1.12153210900589e-06	9.38145874936345e-07	0.00310045378679108	0.000740120203614097	0.000743946952385256	0.000554416415217938	0.000319390214415133	1.92901196442359e-05	1.879980351161e-05	1.97008944252739e-05	0.000115118890449405	7.28999715200266e-06	6.19078798388285e-06	7.08221416529416e-06	0.000733727724596606	9.00336327157601e-05	8.32053452872184e-05	7.02940245999182e-05
26001	1.62223990808312e-05	8.12331675976067e-07	7.65613921777371e-07	6.91762676251968e-07	0.0028506523243612	0.000683502981805975	0.000682651617822637	0.000530847420937962	0.000273972968701967	1.5164705520203e-05	1.46385261383094e-05	1.5330660048495e-05	9.08742309794162e-05	5.04816127207424e-06	4.48718918730925e-06	5.21357280957122e-06	0.000646147092475284	7.66366379084897e-05	7.09685956965014e-05	5.53903067078866e-05
27001	1.26735860023548e-05	5.95648229540835e-07	5.59895295519308e-07	4.97237556487966e-07	0.00257627156583578	0.000637585622076395	0.000650986366497353	0.000503498111213355	0.00023369128349152	1.22533652780379e-05	1.15890458786364e-05	1.15661325816229e-05	7.10976880511385e-05	3.6297792780357e-06	3.16118737494881e-06	3.97963100334413e-06	0.000574228462330804	6.12270422005024e-05	5.69161262294635e-05	4.74954460758124e-05
28001	9.49433934920514e-06	3.94953442479737e-07	3.73707596117904e-07	3.21089402990692e-07	0.00246927406941462	0.000606866443744313	0.000607417506597109	0.000486057586047599	0.000192534771818864	9.55949127318923e-06	9.06506390959329e-06	8.95525449212585e-06	5.80009547497043e-05	2.7290736346396e-06	2.42612874865235e-06	3.23041355553163e-06	0.00051602268895354	5.27367021042108e-05	5.04210442768025e-05	3.90559586888901e-05
29001	7.09750102164929e-06	2.62266859562528e-07	2.64805102892991e-07	2.24251769822787e-07	0.00221288206174598	0.000537642067776727	0.000521994259203801	0.000411156167818755	0.000162068310556263	8.17047456176097e-06	7.63517383218953e-06	7.11104471719758e-06	4.58592345965991e-05	2.14611514179904e-06	1.76243375256776e-06	2.41581710105357e-06	0.000463534353301473	4.31113042834402e-05	3.97785201025936e-05	3.24965262948055e-05
30001	5.09432768068156e-06	1.65381956740891e-07	1.88483752185041e-07	1.98412800246823e-07	0.00204885337810195	0.000498950485296788	0.000488526320729993	0.000362557914307764	0.000140506522527264	5.81831036976086e-06	5.54735987133941e-06	5.40113508861103e-06	4.02388144757553e-05	1.61959806336465e-06	1.38837334213313e-06	1.85938012548522e-06	0.000399004825720955	3.72329542368207e-05	3.30910073237668e-05	2.63535768946648e-05
31001	3.92635893968958e-06	1.1678660949198e-07	1.2821332121337e-07	1.36714691183325e-07	0.0018626161453058	0.000449055851999744	0.000429795558297419	0.000336418658959098	0.000118811987731884	4.87613772999753e-06	4.54701044815003e-06	4.33691925224531e-06	2.96884307811663e-05	1.22180235966493e-06	1.07547570791272e-06	1.36809033040073e-06	0.00037020049762734	3.16651949586956e-05	2.81975456596025e-05	2.28830290090587e-05
32001	3.34724386461273e-06	8.86567771460763e-08	1.34230786959627e-07	1.09615175300863e-07	0.00173187490899539	0.000442312192133671	0.000432846437404918	0.000328619527320921	9.91330286036768e-05	3.69275225620003e-06	3.65812047790538e-06	3.46084152354317e-06	2.45209789065145e-05	9.13501328011736e-07	7.54865123890542e-07	1.10452252060451e-06	0.000314310828506499	2.51857437941897e-05	2.2461878563356e-05	1.8983879015041e-05
33001	2.27839062206432e-06	5.28988341888219e-08	9.3570369921095e-08	1.20727252468331e-07	0.00163092875051358	0.000396450010271532	0.000382995788120573	0.000291262680313324	8.18017224311867e-05	3.03919130550743e-06	3.07688467826812e-06	2.68242434771468e-06	2.01657289016154e-05	6.85920163768336e-07	5.46422334244237e-07	7.89996606562453e-07	0.000289904022193304	2.17223395859499e-05	1.88370625202302e-05	1.45751508590151e-05
34001	1.66889013525823e-06	3.50528714709345e-08	9.57196226370245e-08	1.1534339315495e-07	0.00148239754265894	0.000383616423829373	0.000372835142833295	0.0002858413812908	7.15920122745667e-05	2.17816841394745e-06	2.24603147353791e-06	2.13401646869593e-06	1.61900823017661e-05	5.28236291724463e-07	4.19250263221706e-07	6.1707934808062e-07	0.00025246795404617	1.75832885413058e-05	1.55141599061169e-05	1.25570685056742e-05
35001	1.39199565944818e-06	2.71826280128689e-08	1.07408257951458e-07	1.20798943204915e-07	0.00139710809268324	0.000344081170620359	0.000332450630812096	0.000258398664654455	5.95674390591422e-05	1.79325097131259e-06	1.83787294255696e-06	1.67004547995521e-06	1.33414793475372e-05	4.20409317174144e-07	3.14238010757973e-07	4.67542412307012e-07	0.000222516673146899	1.51413294294193e-05	1.32879346279062e-05	1.05010238752526e-05
36001	9.67002649800867e-07	1.6502340971192e-08	1.05004534214e-07	1.01052981886047e-07	0.00129740771032223	0.000312291464889172	0.00030515428295631	0.000242102445738796	5.33104271976954e-05	1.44691559212259e-06	1.48631699261078e-06	1.30116407135801e-06	1.10759175586617e-05	3.12882361917748e-07	2.54188979076835e-07	3.67438810649565e-07	0.000205244156419511	1.2294495024842e-05	1.07072325276331e-05	8.44167666335732e-06
37001	7.70480685330079e-07	1.16727448243233e-08	1.03895103259751e-07	1.06134117142073e-07	0.00120316257932093	0.000298625747286496	0.000291889021614557	0.000226277085810631	4.37415392235222e-05	1.15330446699201e-06	1.20786417668406e-06	9.87601810685283e-07	9.65022995263519e-06	2.40475243423347e-07	2.94701011456849e-07	2.95730780167074e-07	0.00017790365203925	1.03562133453548e-05	8.95888715242443e-06	7.02049306925083e-06
38001	5.83629329653407e-07	8.22304937511675e-09	9.47581024319313e-08	1.11921994786677e-07	0.0011203994913275	0.000272139703796364	0.000267853473982771	0.000211744967521021	3.67968871920476e-05	9.52179980329263e-07	1.13961707518429e-06	8.67494916743486e-07	7.95141542637038e-06	1.74846277736026e-07	2.10967788042569e-07	2.47560733766164e-07	0.000161275870347316	8.5808670894488e-06	7.3417405924121e-06	5.80176606875602e-06
39001	4.48554019780185e-07	5.60111329415515e-09	1.01823705618444e-07	9.60516707256012e-08	0.00108553910531097	0.000267686851918404	0.000260183187512783	0.000207576459498135	3.32105704709785e-05	7.63025200855296e-07	7.97476184042883e-07	6.38281320687299e-07	6.29014112618721e-06	1.34027503438428e-07	2.15057149995919e-07	2.02877111277897e-07	0.000148009073945537	7.33847660625309e-06	6.32529454003717e-06	4.93316681003458e-06
40001	3.39378058756382e-07	3.65274935921709e-09	1.00107977604884e-07	9.06660545460412e-08	0.00105914234859172	0.000251823611563992	0.000249915489865186	0.000198197332937117	2.86445123914202e-05	6.15019359611245e-07	6.42883870849679e-07	5.08571805819729e-07	5.28606573452132e-06	1.00157858309843e-07	1.67794585179849e-07	1.79088287060577e-07	0.000125734863668198	5.90698146627991e-06	5.12762146397332e-06	4.1075019675067e-06
41001	2.58782147388279e-07	2.5043225044816e-09	9.39661444025809e-08	1.00860119929809e-07	0.000963526420905306	0.000227189061490005	0.000219190239994718	0.000171600644730469	2.45562128578771e-05	4.98432145938938e-07	5.06295979045111e-07	3.96814098883259e-07	4.30871662595565e-06	7.64470875520751e-08	1.53348359634619e-07	1.61304105625507e-07	0.000114018147467704	5.25511458023116e-06	4.49164031870864e-06	3.56875116343005e-06
42001	2.14191459729129e-07	1.84415390824779e-09	1.04991090507419e-07	9.68246071440655e-08	0.000965599642164982	0.000217863047048312	0.000213550085463385	0.000174398746724797	2.17137585004878e-05	4.07913000138654e-07	5.14424043185151e-07	3.01601107206183e-07	3.72808155748164e-06	5.69019556579264e-08	1.59378180628388e-07	1.48826302371601e-07	0.000105543995184862	4.30441481898723e-06	3.70757690523154e-06	2.98230838258279e-06
43001	1.51694437754876e-07	1.1477632055086e-09	8.64335651882758e-08	7.59225658458502e-08	0.000891493560273045	0.000207657849212539	0.000210461962117354	0.000166633632184867	1.84291181249111e-05	3.30601464429711e-07	3.66856218546851e-07	2.46312245336459e-07	2.99102575773417e-06	3.8204433829234e-08	1.30288440501479e-07	1.34318621766215e-07	9.1633719694482e-05	3.6256764821847e-06	3.13088859187166e-06	2.5587289579627e-06
44001	1.17020234044246e-07	8.25348001095757e-10	1.01069020668073e-07	9.95771420800236e-08	0.000868903656944017	0.000190416550314749	0.000183910922410969	0.000150601839580484	1.61722131762085e-05	2.63970572761789e-07	3.21675942154194e-07	2.35834003566296e-07	2.45389226599786e-06	2.87084838475153e-08	1.37940354852045e-07	1.27692999932394e-07	8.47867177463269e-05	2.92635202833219e-06	2.4958932381979e-06	2.00256424010837e-06
45001	9.03983718425869e-08	5.49302673141142e-10	8.4513640614006e-08	8.9459146401256e-08	0.00082623727017527	0.000182699268110527	0.000180459377357139	0.000143406729937307	1.4210744925183e-05	2.08970652090368e-07	2.87712574478959e-07	2.00930600312022e-07	2.12573247194169e-06	2.28864906752018e-08	1.26126951921314e-07	1.35531401039845e-07	7.4017830141579e-05	2.53363928475582e-06	2.4588359116009e-06	1.70531227699686e-06
46001	6.81292105102092e-08	3.58937229797004e-10	1.02563738850779e-07	9.87832927721495e-08	0.000797077084959315	0.000174106129664778	0.000173090571279711	0.000133528106749531	1.29451203627634e-05	1.70376433718797e-07	2.4675469090632e-07	1.8920470728787e-07	1.72400419105697e-06	1.86525547390625e-08	1.33088223082652e-07	1.3934583586572e-07	6.70419580088408e-05	2.02698630159599e-06	1.72882451330971e-06	1.49229061223327e-06
47001	5.087041653223e-08	2.38765874780037e-10	9.23613523873211e-08	8.95650805073532e-08	0.000753640473416065	0.000159218547022843	0.000158802545956079	0.00012567055846108	1.06906249398265e-05	1.37521219295716e-07	2.04705591146539e-07	1.74995492530091e-07	1.40668637219416e-06	1.47600500208874e-08	1.22247487314855e-07	1.31495038937863e-07	6.16846947177595e-05	1.79299182211392e-06	1.50534556245293e-06	1.19826430155135e-06
48001	3.83713003873035e-08	1.57569558358336e-10	8.27477969093143e-08	9.80886027589547e-08	0.000744632523045103	0.00014154692987913	0.000142309514514205	0.000116429939866237	9.43711458611783e-06	1.10619574767433e-07	1.94895920735442e-07	1.81009262607774e-07	1.21992480196166e-06	1.08384012156974e-08	1.27207837946191e-07	1.21914765618412e-07	5.62751730275563e-05	1.63815586883092e-06	1.3736445861465e-06	1.00469853057907e-06
49001	2.86165617850451e-08	1.0815649784964e-10	8.76357372646209e-08	9.5284916420893e-08	0.000718278321020608	0.000142021781698022	0.000140322617260338	0.000116973401265337	7.82980897454706e-06	8.48947605128415e-08	1.74000705876163e-07	1.70543260736244e-07	1.03752782656424e-06	8.74603004634044e-09	1.21702265148236e-07	1.17085135749318e-07	5.05652866052929e-05	1.20130938428013e-06	1.01364733164377e-06	8.75593146920984e-07
50001	2.35114940754792e-08	7.97261895046864e-11	8.43940766172848e-08	8.00040641687653e-08	0.000678265016882967	0.000134255217882275	0.000129205266301955	0.000101779141057037	7.09790282374302e-06	6.84200606817997e-08	1.71431505132586e-07	1.69875526418985e-07	8.22927465644382e-07	6.78080180278136e-09	1.24563071710376e-07	1.22543598131484e-07	4.36668696086874e-05	1.05890075551334e-06	1.24764919291438e-06	1.00275031504652e-06
51001	1.70346171397368e-08	4.93673253653879e-11	8.40454345522698e-08	8.82068103506486e-08	0.00063045136695826	0.000124702795709874	0.000125543903468985	0.000106441598061873	5.92273339726757e-06	5.07412339511491e-08	1.51556132013994e-07	1.69252836860604e-07	6.84936577335449e-07	5.1027521957552e-09	1.21697346861263e-07	1.29507681157306e-07	3.96552791715409e-05	8.38179699144399e-07	7.01395812841435e-07	6.30036074288997e-07
52001	1.24748157891503e-08	3.34785366449404e-11	7.28482117156353e-08	9.80497063238352e-08	0.000645009181391557	0.000121678647299147	0.00011533913062496	9.2327758551786e-05	5.15688772972491e-06	4.24812085254398e-08	1.52667720408892e-07	1.78970493312207e-07	5.55210402104379e-07	4.11321463410421e-09	1.11407795557525e-07	1.46913940679418e-07	3.73618984320398e-05	7.49497468244604e-07	6.46271980647197e-07	5.2365390257559e-07
53001	9.53670831311872e-09	2.24615686424616e-11	8.50171382123081e-08	7.63186680328301e-08	0.000590364535093728	0.00011437255252184	0.000112024047131121	9.47564098629521e-05	4.3414937520361e-06	3.29497199762783e-08	2.17614837165431e-07	1.76412241276374e-07	4.7574029544866e-07	3.0908713346869e-09	1.21293696904784e-07	1.27747851114626e-07	3.22774513846389e-05	6.01411089671154e-07	1.00484638013222e-06	5.57115345161569e-07
54001	7.62312787686579e-09	1.55284166886286e-11	8.46188494291462e-08	9.37713385179591e-08	0.000577045807003545	0.000103505570126866	0.000100414585627237	8.57786939136102e-05	3.69660826721445e-06	2.67022073696042e-08	1.76468619812908e-07	1.5447727081854e-07	3.98888237585655e-07	2.40072600225796e-09	1.24093911861278e-07	1.22385947338535e-07	3.01293445328658e-05	4.94601436018384e-07	8.91262141394327e-07	5.97908344186331e-07
55001	5.66860168984245e-09	1.01718418504265e-11	8.6457450275148e-08	8.74062354928605e-08	0.000560013356946078	9.65320208032976e-05	9.65991265353393e-05	7.96899010357799e-05	3.11778757621575e-06	2.09678013266139e-08	1.77433222498921e-07	1.84889439018615e-07	3.23823962991386e-07	1.86930466467869e-09	1.28118148844857e-07	1.33986834165753e-07	2.69145868409407e-05	4.22873256220549e-07	6.09156747604136e-07	5.09126431721712e-07
56001	4.71696889676746e-09	7.91912944580112e-12	7.75171650317962e-08	8.96126226355144e-08	0.000551470783423551	9.34049943083803e-05	9.18799605894661e-05	7.59895989811637e-05	2.82113411674632e-06	1.66666546230601e-08	1.6858776194735e-07	1.51611289499183e-07	2.87322934527617e-07	1.49289002483493e-09	1.120001946933e-07	1.17989983941156e-07	2.48679702502105e-05	3.74065502225341e-07	6.39833454286521e-07	4.30244040228654e-07
57001	3.3247349528757e-09	4.801701984923e-12	8.16439253260912e-08	9.43395440532709e-08	0.000527609779654519	8.94026537525296e-05	9.05050009048381e-05	7.30277971698245e-05	2.43225905002843e-06	1.3559962105065e-08	1.53500721671187e-07	1.62244222195488e-07	2.41211155269068e-07	1.15806164513857e-09	1.09936501488826e-07	1.228618664199e-07	2.29947799769677e-05	3.15632730375456e-07	4.83974271887834e-07	3.91291547058144e-07
58001	2.46168887680051e-09	3.27932055373057e-12	8.49144564213532e-08	9.64188163556563e-08	0.000499428357832229	7.98135126316457e-05	7.93835021849762e-05	6.52868961351271e-05	2.03000551451132e-06	1.04835444455728e-08	1.4262554994608e-07	1.56990091863326e-07	2.02743439174472e-07	9.03041353749335e-10	1.12632820467669e-07	1.18760101866349e-07	2.0402405789877e-05	2.48702807880706e-07	3.6702463327587e-07	3.21179464562145e-07
59001	1.99442291103422e-09	2.27329571519001e-12	7.99110655868871e-08	9.3546896755119e-08	0.000490599041508219	8.01788953542682e-05	7.9455861890536e-05	6.67479802794551e-05	1.78114096002164e-06	8.58272249744119e-09	1.54414327674464e-07	1.39536828080794e-07	1.67530535346012e-07	6.97712917218156e-10	1.19808256156123e-07	1.22387748297948e-07	1.90199518388838e-05	2.22804450605597e-07	3.18729241655853e-07	2.68723400590032e-07
60001	1.63023253887657e-09	1.74429087816021e-12	8.83153442198293e-08	7.75240996736855e-08	0.000460497949495435	7.31039070624431e-05	7.37483173675476e-05	5.9922013593126e-05	1.5596920345257e-06	6.67486464129414e-09	1.51497424738063e-07	1.49915929278933e-07	1.41316744733362e-07	5.08448599676997e-10	1.14143637771787e-07	1.15955674468515e-07	1.67362762527296e-05	1.83561370834388e-07	3.26183402740001e-07	2.26708419066729e-07
61001	1.18347847442308e-09	1.10631930753759e-12	9.11783393492535e-08	8.49384065185887e-08	0.000461275989869014	7.06566457833802e-05	6.99693013302729e-05	5.95062781644704e-05	1.32796185043521e-06	5.4032785795502e-09	1.50640683814473e-07	1.57550956869782e-07	1.23064810086738e-07	4.0434081368966e-10	1.2600356952263e-07	1.21331270379885e-07	1.52782002883548e-05	1.5016292699281e-07	2.87562465477931e-07	3.3306382132257e-07
62001	9.13807079690231e-10	7.55399184909862e-13	8.79408686198133e-08	9.0856958033941e-08	0.000442255955080353	6.90003846162216e-05	6.86714064055088e-05	5.78836723402395e-05	1.13581807200223e-06	4.47230956858989e-09	1.30810608465483e-07	1.58984450541928e-07	1.03342977355196e-07	3.12928895679219e-10	1.08172656924797e-07	1.17581633945784e-07	1.35836092261072e-05	1.26605861710175e-07	2.70120016685818e-07	2.2547930760475e-07
63001	6.58462767733641e-10	4.7550149037162e-13	9.45572009492918e-08	9.38059387369815e-08	0.000428598925918924	5.90610073856817e-05	5.97137612179606e-05	4.95953726496041e-05	9.68976925016457e-07	3.47847945896339e-09	1.44695471642418e-07	1.50899649374016e-07	8.18349960334593e-08	2.31655216823963e-10	1.11817705043788e-07	1.22187042460469e-07	1.26672044223833e-05	1.13605880207635e-07	2.6258450233042e-07	2.13756832684493e-07
64001	5.17658301512653e-10	3.43678177571724e-13	9.0972971642497e-08	8.46676147247219e-08	0.000414272972637279	6.36182565919025e-05	6.31687461837797e-05	5.34761693178339e-05	8.24246347023216e-07	2.67592471457567e-09	1.61798400325029e-07	1.46752842898071e-07	7.14557173264655e-08	1.78436606367389e-10	1.14431085136338e-07	1.12805825205843e-07	1.10848616540147e-05	9.56556049275592e-08	2.89099554330621e-07	2.32887472108916e-07
65001	3.9836237208321e-10	2.30221178398425e-13	7.99685299565483e-08	7.51686424035898e-08	0.000386740934522566	5.38285683805842e-05	5.51324841387382e-05	4.44215156033343e-05	7.12760502259151e-07	2.18817351103635e-09	1.50196445270442e-07	1.34664553129492e-07	6.09391939940639e-08	1.45686845576896e-10	1.14143874034053e-07	1.12780741776048e-07	1.00252753030147e-05	7.69293729146931e-08	4.22135669335767e-07	2.30683581287253e-07
66001	3.21838612986188e-10	1.68803638786612e-13	8.76016697928411e-08	8.12383899148167e-08	0.00038380263816143	5.19687427939095e-05	5.38812950440382e-05	4.48410689274933e-05	6.26570018455021e-07	1.72915774206298e-09	1.53875421551345e-07	1.42766869835993e-07	5.02972569476399e-08	1.12953929335008e-10	1.19048050325887e-07	1.17007374708945e-07	9.046964410444e-06	6.70495584863395e-08	2.39932792111738e-07	1.96381406694118e-07
67001	2.31050233814086e-10	1.08217610882873e-13	9.14352695283216e-08	8.78463888295855e-08	0.00037119862033947	5.13717071832615e-05	5.24856219610056e-05	4.32856147970667e-05	5.36168744775695e-07	1.29195249030012e-09	1.50329849619103e-07	1.38477158055566e-07	4.37948564060501e-08	9.0576390671123e-11	1.25495525272886e-07	1.13710478602446e-07	8.53542376781282e-06	5.84077131420113e-08	2.24838507443452e-07	2.00784458070299e-07
68001	1.75491066545147e-10	7.25092597363426e-14	8.80657684348142e-08	8.92571098339374e-08	0.000353861112577777	4.79383995781871e-05	4.83958298319143e-05	4.10315032492577e-05	4.49100228445675e-07	1.03273615656447e-09	1.37667446729842e-07	1.35161681226421e-07	3.64261706442386e-08	6.98648148372821e-11	1.14002956830893e-07	1.1662310394335e-07	7.45791057124359e-06	4.95202922659373e-08	2.22901011475178e-07	1.75274280347555e-07
69001	1.43061566362124e-10	5.45865550938467e-14	7.17162867042166e-08	7.71430054294158e-08	0.000339813749224314	4.68086099570691e-05	4.8512705985711e-05	3.9721784599564e-05	3.92288158150073e-07	8.78859868421283e-10	1.23922260972912e-07	1.33311560916911e-07	3.07206515522358e-08	5.3261838292108e-11	1.04873258706123e-07	1.113418376871e-07	6.56657703191362e-06	4.08943784422059e-08	1.8461476482201e-07	1.97833509069943e-07
70001	1.11959413438476e-10	3.81893244724919e-14	8.35518373669312e-08	9.43060288505304e-08	0.000329939596881894	4.21467899805414e-05	4.34130203744705e-05	3.61744953836338e-05	3.43535194406433e-07	6.81701222018937e-10	1.42623172860645e-07	1.43254496303876e-07	2.66599636462485e-08	4.13024226057649e-11	1.10615345933316e-07	1.26596601917515e-07	5.92943793907063e-06	3.43999588365641e-08	2.52434891605415e-07	1.82686970497602e-07
71001	8.38063198634163e-11	2.5708406827285e-14	8.18382368429593e-08	7.73583842188369e-08	0.000326722598288525	4.0324499683018e-05	4.19264224683206e-05	3.57027394059219e-05	2.95193876708612e-07	5.4690343132506e-10	1.42088358024363e-07	1.46372833028833e-07	2.19496232818444e-08	3.03169065452792e-11	1.12765902612735e-07	1.16022000183318e-07	5.48453073007583e-06	2.83202759383822e-08	2.21737017388529e-07	1.77653944836791e-07
72001	6.41971645307209e-11	1.82579195165292e-14	8.93092660616607e-08	8.12722371492108e-08	0.000311142633613539	3.79892596439496e-05	3.89934242650662e-05	3.22240851960751e-05	2.58790468612029e-07	4.59695956827079e-10	1.51422276456414e-07	1.49907471008023e-07	1.83854456392208e-08	2.31690719820898e-11	1.2584803896175e-07	1.2045325720545e-07	4.76597040035148e-06	2.24757352108042e-08	2.17680739941986e-07	2.05895121725678e-07
73001	4.69822387724446e-11	1.21558570509062e-14	6.94728719633555e-08	9.64428123019502e-08	0.000306834169112373	3.50371412225084e-05	3.59667745617335e-05	2.98080869963808e-05	2.1979955808985e-07	3.48812706692424e-10	1.32358020263407e-07	1.37900560064176e-07	1.51751531764471e-08	1.83854739908111e-11	1.11246908961283e-07	1.2145123553519e-07	4.41205335072777e-06	2.02224358836055e-08	1.74478217840256e-07	1.77189740200788e-07
74001	3.72021375352767e-11	8.18609087653811e-15	6.62547187531593e-08	8.69671028412164e-08	0.000290826924077303	3.52180067390886e-05	3.74410579582846e-05	3.14494466979913e-05	1.9893794416937e-07	2.86205128475862e-10	1.29483243665805e-07	1.22711936632772e-07	1.27756931841608e-08	1.49164155085002e-11	1.09378672591038e-07	1.13723025242637e-07	3.94808764119147e-06	1.72028997707971e-08	1.82003574937785e-07	1.6179618234658e-07
75001	2.86470665508666e-11	5.59385796290308e-15	7.50272469112962e-08	8.85631461088949e-08	0.000280834079251279	3.35776253943419e-05	3.52055709627183e-05	2.89507641358957e-05	1.61283138286898e-07	2.12157393209033e-10	1.36895453072259e-07	1.41269470791599e-07	1.09975494862425e-08	1.22255920213573e-11	1.19157412020339e-07	1.15729143600357e-07	3.59841449119381e-06	1.40585075296657e-08	1.80119430425319e-07	1.83524854001689e-07
76001	2.1063182270439e-11	3.72384994666163e-15	8.16766568917822e-08	8.73409912333473e-08	0.000267693551682565	3.13622003974586e-05	3.30322433826559e-05	2.68786890152499e-05	1.4931565322323e-07	1.79772367721543e-10	1.34650947214442e-07	1.46447162305935e-07	9.35469717071011e-09	9.26449982533686e-12	1.1168137029352e-07	1.16993514554042e-07	3.1833234377153e-06	1.12248162012216e-08	1.75256613410121e-07	2.09334514091034e-07
77001	1.63393948855975e-11	2.64785036236039e-15	8.54998441143621e-08	9.11268551389418e-08	0.000263681437910802	2.88445586590355e-05	3.02421839263893e-05	2.51170898217961e-05	1.30883170862396e-07	1.38396565697413e-10	1.50047516584474e-07	1.53051324885586e-07	8.02978327685287e-09	7.172181949222e-12	1.25025798635272e-07	1.19219635078216e-07	2.85993397887772e-06	9.80229493232921e-09	1.96263586186112e-07	1.87616315955348e-07
78001	1.28909978727338e-11	1.89639405181658e-15	8.49439289409545e-08	8.82733396472322e-08	0.0002486921690613	2.79698370763506e-05	2.87066612565949e-05	2.44126488020828e-05	1.09457146102725e-07	1.09672025121363e-10	1.41099124610141e-07	1.36289620985405e-07	6.83564438495227e-09	6.07375172752857e-12	1.17329033805495e-07	1.17116702689006e-07	2.7250314564946e-06	8.69880257389807e-09	1.7119738758613e-07	1.60899818059729e-07
79001	9.2762162532009e-12	1.33725529422763e-15	8.25450457240942e-08	8.66601436096103e-08	0.000243519288210292	2.59671423375941e-05	2.72970463626324e-05	2.29561151318992e-05	9.59890069309846e-08	8.65725607951444e-11	1.28105698796374e-07	1.37619334424527e-07	5.7328212519919e-09	4.37134851938798e-12	1.1090654624087e-07	1.19742989088798e-07	2.45401135801167e-06	7.11187178482296e-09	1.70626386745745e-07	1.73368876826966e-07
80001	7.63224561487041e-12	1.04865915054066e-15	7.96965213273487e-08	9.08971233177451e-08	0.000237609646556217	2.59878920776483e-05	2.74444195963967e-05	2.25336773655416e-05	8.4494519140141e-08	7.01426718658004e-11	1.29807969413202e-07	1.34888557001952e-07	4.76084726473139e-09	3.63833951933395e-12	1.10589673636717e-07	1.16238127288349e-07	2.18229381234856e-06	5.97979607705178e-09	1.56873425232755e-07	1.61991354873612e-07
81001	5.87621604575423e-12	8.04134385426626e-16	7.32758271301601e-08	9.48340925720864e-08	0.000224772911228418	2.44395906606478e-05	2.5898906344882e-05	2.16803303891854e-05	6.97829674986083e-08	5.43580557746172e-11	1.17817961185506e-07	1.38500830486311e-07	4.06592224421565e-09	2.75211080978418e-12	1.01112896369514e-07	1.20707890162232e-07	1.97829020957729e-06	5.05945390381331e-09	1.44655733254949e-07	1.91864223315886e-07
82001	4.3036067432301e-12	6.47915932670854e-16	9.04789102919895e-08	8.56275844916178e-08	0.000225236239539768	2.31495562186309e-05	2.38359409531487e-05	1.97054816511042e-05	6.03981637013962e-08	4.52797581897693e-11	1.37770641748145e-07	1.45966158102487e-07	3.41830352377265e-09	2.26988380131519e-12	1.09561026895649e-07	1.2644968007358e-07	1.7278097505138e-06	4.15711521602696e-09	1.81629234576334e-07	1.89807379511824e-07
83001	3.49351387045179e-12	5.79039652127372e-16	9.15584421131587e-08	8.62463679967665e-08	0.0002162418937583	2.12729501694151e-05	2.21370188680778e-05	1.87696623744023e-05	5.32650357011167e-08	3.44732807678489e-11	1.37293053695788e-07	1.57360627251056e-07	3.06179280657769e-09	1.82694960631895e-12	1.12618919474901e-07	1.2226791559274e-07	1.56963343588145e-06	3.54030619656539e-09	1.72393519935761e-07	2.03950257993703e-07
84001	2.53994019727892e-12	5.36637725131102e-16	8.53344758046563e-08	8.15419632114191e-08	0.000206885536256285	2.15852643120998e-05	2.25130720781964e-05	1.87300770752571e-05	4.67574137983144e-08	2.85460504488108e-11	1.31117837325569e-07	1.40082895946786e-07	2.4562194912632e-09	1.33583545520921e-12	1.14661853613114e-07	1.18816361135893e-07	1.39752989628613e-06	2.94291011960318e-09	1.83607262986556e-07	1.68053820265094e-07
85001	1.91886452793379e-12	5.12876658229112e-16	8.03749972119559e-08	8.5657309710511e-08	0.000197517637558665	1.92363977502324e-05	2.04418634646734e-05	1.65782370933349e-05	4.15370107540111e-08	2.29421664327444e-11	1.31871277812586e-07	1.35450838511647e-07	2.05134567144918e-09	1.03638594467213e-12	1.07706787956024e-07	1.11165644138031e-07	1.29631735252761e-06	2.47391234310911e-09	1.83686736405255e-07	1.72537248876234e-07
86001	1.55387950487803e-12	4.88568427199921e-16	8.73041109687192e-08	8.53792375799768e-08	0.00019400316166585	1.83769527732219e-05	1.88423563539279e-05	1.51223876994274e-05	3.3063002611823e-08	1.70200328527606e-11	1.31901275711758e-07	1.34104089538688e-07	1.72311116585564e-09	7.94788118334635e-13	1.13244806085388e-07	1.13499459396438e-07	1.18039913221788e-06	2.08134926439383e-09	1.62605608329527e-07	1.58017410605891e-07
87001	1.29245816606392e-12	4.77327693562856e-16	9.08469283203154e-08	8.99277091959198e-08	0.000185562692344522	1.83001830901326e-05	1.96535713275972e-05	1.57958209928163e-05	2.87126422893241e-08	1.43270669260523e-11	1.30033515277582e-07	1.49803429549971e-07	1.46898706004977e-09	6.48929439296184e-13	1.14279801730336e-07	1.23305616918022e-07	1.07223939573239e-06	1.75881297374525e-09	1.64541974366982e-07	2.06172210382429e-07
88001	9.42505989753151e-13	4.65546555024489e-16	8.41963390127772e-08	8.69518871358929e-08	0.000182137100736657	1.78385910791259e-05	1.90309391682301e-05	1.57822855115686e-05	2.50529582784566e-08	1.05499002580158e-11	1.42534207197e-07	1.33519730448242e-07	1.36563481545441e-09	4.89688699513675e-13	1.14663843536363e-07	1.1948742677906e-07	9.48034972049059e-07	1.44919911429469e-09	1.66243669668804e-07	1.78326085838203e-07
89001	7.54898460798056e-13	4.28433276820821e-16	8.36969535999691e-08	8.0308433779931e-08	0.000177224466676085	1.6599787883942e-05	1.75861532328671e-05	1.43222464692136e-05	2.22300938224862e-08	8.72705338567105e-12	1.33782401660367e-07	1.40197389118928e-07	1.0957661867657e-09	3.81058189272396e-13	1.13284348718006e-07	1.20166346028105e-07	8.5146840286989e-07	1.21745070514453e-09	1.58501982489353e-07	1.68796943573869e-07
90001	5.19988981085039e-13	4.11521824121142e-16	8.52470876671181e-08	8.33208050927064e-08	0.000170810753342382	1.51443903528207e-05	1.62991139632357e-05	1.33517475148538e-05	1.92690822262546e-08	6.9944860382638e-12	1.26212317461512e-07	1.36234575987986e-07	9.83210042311845e-10	3.21922268857559e-13	1.09337062499575e-07	1.17088482033732e-07	7.76989664883858e-07	1.0426193521205e-09	1.57704679507321e-07	1.73004405594462e-07
91001	4.16335894514499e-13	3.95151591100057e-16	6.68022107651883e-08	9.39192318823067e-08	0.000169815677607523	1.52472328452999e-05	1.63143083927747e-05	1.34419672446495e-05	1.71869976792842e-08	5.62146999601775e-12	1.31659566668851e-07	1.27391359713387e-07	7.68939865585339e-10	2.23434894628778e-13	1.09769452317e-07	1.1900883523542e-07	7.12943755029503e-07	8.81474004296823e-10	1.94454271134648e-07	1.55206260889142e-07
92001	3.21946412104468e-13	3.69972765143681e-16	7.23334931427846e-08	8.29119942403029e-08	0.000164700290434613	1.32741465861362e-05	1.43126290284719e-05	1.16224474241366e-05	1.41277060321368e-08	4.49908099302573e-12	1.27590539520026e-07	1.37940403076518e-07	6.4729583908602e-10	1.78727555949839e-13	1.08650216801086e-07	1.13082711015181e-07	6.57578925296474e-07	7.6657404781718e-10	1.60253906039819e-07	1.66804519739657e-07
93001	2.63423587987464e-13	3.76191987410298e-16	9.02896516505522e-08	8.16436921829546e-08	0.000164721427868181	1.3797567910207e-05	1.44337322500038e-05	1.19003620052995e-05	1.20057133309655e-08	3.44672533123109e-12	1.27574628920757e-07	1.40256081482137e-07	5.44029474331508e-10	1.44338030600979e-13	1.1570511340714e-07	1.16150503073817e-07	5.8689476894769e-07	6.32801028247467e-10	1.64357490834241e-07	1.85125887347766e-07
94001	1.94909525873558e-13	3.86200314007096e-16	7.61969031244071e-08	8.35204405471173e-08	0.000155364363576608	1.24522842247087e-05	1.31012814302733e-05	1.06237685929491e-05	1.08394204090989e-08	2.82719939574971e-12	1.42583325143417e-07	1.34448486145643e-07	4.66911853309272e-10	1.11116280746255e-13	1.17585847252332e-07	1.21758033236066e-07	5.26677558567741e-07	5.50561972659973e-10	1.83612087680222e-07	1.66516982758638e-07
95001	1.52004162235474e-13	3.52749078540035e-16	8.75358916074129e-08	8.61194561203973e-08	0.000151020334300407	1.20933850444799e-05	1.31133676851053e-05	1.04479578260998e-05	8.89835972960632e-09	2.2120703247886e-12	1.4238928837688e-07	1.32450252151087e-07	3.80561221794923e-10	8.80774415192333e-14	1.25530163519459e-07	1.14122818607127e-07	4.64952896038512e-07	4.62408338326211e-10	1.76059316234426e-07	1.65403415804569e-07
96001	1.17529238210281e-13	3.81558038120458e-16	6.83415438173312e-08	8.67611015161607e-08	0.000144563327785593	1.17020654619314e-05	1.2512685351629e-05	1.00994888657143e-05	7.70639027349651e-09	1.73967726595647e-12	1.34148021127364e-07	1.29256952903306e-07	3.25489932757731e-10	6.69592509395123e-14	1.08849826231133e-07	1.19217528067702e-07	4.28318520901355e-07	3.80612672015115e-10	1.64272099590621e-07	1.50225893057337e-07
97001	9.0340971788564e-14	3.54000977500878e-16	8.03653653007096e-08	8.75891359176207e-08	0.00014010737734659	1.03319597595034e-05	1.08801227021287e-05	8.73878187278234e-06	6.69668646790823e-09	1.40949524661498e-12	1.30967659638782e-07	1.2916387804512e-07	2.77554873703857e-10	5.07521808835849e-14	1.11724201383093e-07	1.12403881399442e-07	3.93955761663633e-07	3.31781520008568e-10	1.56358652242417e-07	1.61701415578507e-07
98001	6.75462469935252e-14	3.97597848538187e-16	8.22658578952892e-08	8.52094457032922e-08	0.000137737834723635	1.02010896894436e-05	1.0979537972056e-05	8.70917733835426e-06	5.98902312797261e-09	1.15265897615926e-12	1.36930551152583e-07	1.39309405799346e-07	2.31616220843781e-10	3.89803402221999e-14	1.17178888769771e-07	1.23134316153666e-07	3.49316976050962e-07	2.75628143746247e-10	1.69050699448133e-07	1.55881296649612e-07
99001	5.5735530218232e-14	3.65686189604092e-16	7.65697283141533e-08	6.24615066177275e-08	0.000130742609907539	9.70224845124992e-06	1.04527674347554e-05	8.52681328309527e-06	5.12100340504449e-09	9.50329850425056e-13	1.38406437899154e-07	1.4008674128474e-07	1.96839426339469e-10	3.07096367996387e-14	1.18736023760439e-07	1.06503379983394e-07	3.24478481273206e-07	2.29144420715728e-10	1.61134139127671e-07	1.56719235512164e-07
