t	res_srk	res_esrk	res_hb_double_inexact	res_hb_opt_beta	res_hb_beta_0.1	res_hb_beta_0.2	res_hb_beta_0.3	res_hb_beta_0.4	res_hb_beta_0.5	res_hb_beta_0.6
0	0	0	0	0	0	0	0	0	0	0.281591460934644	0.1670440448386	0.162171899484265	0.172216949130187	0.265676112716667	0.251922865750794	0.23764260868215	0.22566581925874	0.221452719368296	0.232124553222579
0.018885034	0.123418629	0.02899309	0.085611396	0.0328340829999999	0.024322179	0.020602912	0.020382417	0.027650816	0.020183284	0.171449516505936	0.0929601341453422	0.0955076768642217	0.0934581113296016	0.16125023944764	0.151105613164311	0.141002934879037	0.14599864747851	0.213545875566496	0.354802183011545
0.032201601	0.190296875	0.050557423	0.147510245	0.0526574259999999	0.041301084	0.036642452	0.0370364069999999	0.0434106810000001	0.035963746	0.142573855694562	0.0794428718113256	0.0770277841210585	0.0731406666116678	0.137256581196253	0.135379415530655	0.136706470688547	0.150312934420698	0.176697340663921	0.165211875233421
0.044275002	0.245611151	0.069871531	0.20430081	0.071166285	0.0571898659999999	0.051341351	0.0515906759999999	0.057914137	0.050392609	0.120701129928732	0.0544606925430206	0.0552652975300843	0.0583871679367225	0.114876833524229	0.110309542877562	0.0972350501703017	0.082707997706154	0.0933573026520665	0.116075602264909
0.0631435920000001	0.330362606	0.10033124	0.283184353999999	0.0977121790000001	0.0798032959999999	0.0729795830000001	0.0733708879999999	0.0794870830000002	0.0721516190000001	0.0767088632322224	0.0362394096674636	0.0319597818260794	0.0323288843944031	0.0673067890500899	0.0600575593456728	0.0571180314656128	0.0443051444765275	0.0470182712575153	0.0784500592956469
0.080492457	0.406636096999999	0.127944668	0.357210041	0.122314872	0.100961	0.092835446	0.0931546969999997	0.0983609760000003	0.0912949720000001	0.0593274288655336	0.0279971407299523	0.0215320492069862	0.025824841958046	0.0525565964778319	0.0485173335185281	0.0434820764687821	0.0377363162409819	0.0396549164544367	0.079336750711038
0.0926452440000002	0.462544880999999	0.148624026	0.409890105	0.140337394	0.116701849	0.108127442	0.108475744	0.113195219	0.106384406	0.0457766372477624	0.0339549766859918	0.0226372824414523	0.0295618732985941	0.04310425159167	0.0397175962610936	0.0350281137121883	0.0324664050629669	0.0384230276790861	0.0874812761694787
0.105104998	0.516930737999999	0.168094774999999	0.464659214000001	0.158647678000001	0.132625724	0.123225001	0.123329007	0.128199935	0.121216559	0.0389071433075761	0.0235630295146118	0.0133561045573206	0.0466789969338536	0.0353206766753194	0.0330661070847104	0.031222827156258	0.030204341528642	0.0336043040250455	0.110813790313945
0.117506157	0.570405222999998	0.188108955	0.517867617000001	0.177381730000001	0.148478285	0.13880411	0.138960106	0.143081939000001	0.13625345	0.0368227973579659	0.0257921732853045	0.014072557321958	0.0456749451100364	0.0343681147048503	0.032412523602823	0.0319000042720145	0.031500813388611	0.03637775333296	0.0931825571045982
0.130218499	0.628462068999998	0.210174977	0.574068104000001	0.196123311000001	0.164776344	0.153942426	0.154254795	0.158630451000001	0.15140171	0.0304619387514472	0.0223115335019019	0.0144063234786184	0.0244962589779751	0.0282953638605265	0.0280594216080569	0.0272003767687145	0.0260024501889128	0.0262586805670045	0.0809811011797635
0.141923559	0.678861809999999	0.228642199	0.625489744	0.213285698	0.179620897	0.167930959000001	0.168336507	0.172528155	0.165082247	0.0310313016358812	0.016375341964239	0.0111327262373992	0.0200127705388696	0.0306884088665529	0.0302967767124448	0.0294446699545023	0.0267971309050655	0.0258156974932081	0.0786374639623138
0.15603285	0.740723521999998	0.251119500999999	0.685057317999999	0.232909538000001	0.196141549	0.184725448000001	0.184755672	0.189226535	0.181591022000001	0.0308830687854352	0.0142006476257751	0.00949218764478158	0.0332225524278722	0.0296377068002407	0.0278144257587626	0.0255518402832203	0.0230520829515532	0.022289571657146	0.0731762899784072
0.166807242	0.789423584999999	0.267689970999999	0.734809963999999	0.248755644000001	0.210074193	0.19813689	0.19775812	0.20238362	0.194860756000001	0.0273376377221398	0.011214325564945	0.00938636323538471	0.0168235367261622	0.0252313067054832	0.0237015143689818	0.019706961993624	0.0172008212699991	0.0184728476213249	0.0716566293339409
0.178866433	0.843440023999997	0.286864873999999	0.789072850999998	0.266769601	0.225953611	0.212886779000001	0.212465402	0.216596225000001	0.209041810000002	0.025799240028141	0.012462180644516	0.0100976134714164	0.0129067472035837	0.0246458044248741	0.0237897091171994	0.0199272067036091	0.0166526269931562	0.017927526306295	0.0942629632343902
0.189525694	0.891719162999997	0.303858465999999	0.835436243999997	0.281974554	0.239395269	0.225743608000001	0.225328288000001	0.229130092000001	0.221621647000002	0.0246414362989511	0.00808446750568105	0.00741836222288708	0.0114209218468012	0.0237867731145755	0.0212273714376922	0.0192114176178687	0.0155790591565223	0.0183518500481366	0.114116856193111
0.201303927000001	0.944274339999996	0.32268662	0.888948752999998	0.299616427999999	0.254985910000001	0.240162931	0.239815344	0.243332172000001	0.235499338000002	0.0238874161187879	0.00945402256928569	0.00940494965492979	0.0097038543752884	0.023004189598623	0.0207746816351027	0.0179324355969084	0.0143345798739002	0.014732704648355	0.071850635855704
0.212304953000001	0.993258209999996	0.340775972000001	0.938231423999999	0.316058168999999	0.269503992000001	0.254009372000001	0.25371571	0.257080563000001	0.249137798000002	0.0230480433081171	0.00729117561260438	0.0106496366566095	0.0120567280377833	0.0190868943815897	0.0168621214957685	0.013369511631625	0.010534962518499	0.0121651872515013	0.0896969161552033
0.222825106000001	1.03941741499999	0.357497659000001	0.987355493999997	0.331905456999999	0.283381080000001	0.267581024	0.267054581999999	0.270492572000001	0.262421192000002	0.0225922878486343	0.00757718946485881	0.00633387256899681	0.0106606886878779	0.0188890911856969	0.016963623112052	0.0146363893833001	0.0146905843271608	0.0121445912948093	0.0695806167587791
0.235509538	1.095530616	0.377996652000001	1.04218958299999	0.350134376999999	0.299382317000001	0.282680584000001	0.281869452999999	0.285305824000001	0.277047919000002	0.0197178795182453	0.00805812434243033	0.00596352494023266	0.0113991472484147	0.0177549876401703	0.0151972750791208	0.0141272569678836	0.0122206025524118	0.0104616173609799	0.0716505471640955
0.247053359	1.145260382	0.396198316	1.09390504399999	0.367406264	0.313988882000002	0.296854930000001	0.295774995999999	0.299827820000001	0.290653711000002	0.0190869163685491	0.0104708486419886	0.00715042689569785	0.00983709415056954	0.0175820014033551	0.0142696529624604	0.0129169176922465	0.0116742734208408	0.0132940328363413	0.0775308374649124
0.2576619	1.19471242299999	0.413306723000001	1.14223892099999	0.383567313999999	0.327874087000001	0.310221782000001	0.308984108999999	0.312787663000001	0.303963764000002	0.017986248681652	0.00885585292654573	0.00718967481175602	0.00975121524066426	0.0161727717681762	0.014857610901308	0.0151956850051447	0.0100981329934271	0.0117976282641347	0.045074933351367
0.268995655	1.24487363599999	0.431307690000001	1.19466020799999	0.401096533999999	0.342939224000002	0.324544233000001	0.323251288	0.327031116000002	0.318232126000001	0.017734257554701	0.00682312293670897	0.00556565832930399	0.00773666774916809	0.0140746062787415	0.0115145779751747	0.00949805419185977	0.00892355220758982	0.00961567212747731	0.0810223004518894
0.280318705	1.29120028299999	0.449409789000001	1.24561111899999	0.417893700999999	0.357269831000002	0.33848571	0.337260451	0.340774359000001	0.331932396000001	0.0158903710836013	0.00830158913694371	0.00714178536602265	0.00721995228773162	0.0131389552173577	0.0119873272650585	0.0102664257871259	0.0100106332189121	0.0100997687604732	0.0873241756342452
0.289026618999999	1.327972356	0.463500071	1.28734876499999	0.431522682999999	0.369458634000001	0.350118025000001	0.348730042	0.352210802000001	0.343317877000001	0.0136340041561756	0.00765626587455669	0.0071842145154966	0.00706754525988719	0.0122929068222684	0.0116450527162903	0.00948703004633905	0.00937605242367659	0.00941278633078548	0.0764056924052874
0.29757928	1.365365045	0.477835963	1.326340754	0.444810543	0.381219927000002	0.361417918000001	0.359825592000001	0.363199188000001	0.354290843000001	0.0135958117668404	0.00610174254084364	0.0051110726920312	0.00555323109826633	0.0125068997435079	0.0117754633631402	0.0086063070882271	0.00849557789039939	0.00955502181204817	0.0790073973507258
0.307381138999999	1.408079093	0.494823899	1.368242712	0.458969795	0.393954104000001	0.373562152	0.371894500000002	0.375125690000001	0.366374534	0.0120943341778583	0.00818503548808434	0.00640652182292257	0.00596705098618742	0.01146506287887	0.0111282383190773	0.00891195905647947	0.00892379750102141	0.00855422788067681	0.0735665696213571
0.316465533999999	1.44807711399999	0.509694483999999	1.411704592	0.473296275	0.406274290000001	0.385274523	0.383588115000002	0.386736709000002	0.378085607	0.0123428236420237	0.00592247286544463	0.00491589132397738	0.00589006643748042	0.0117675923113921	0.00984059908752427	0.0089978387864631	0.00866192479418073	0.00790450271201619	0.0881875120316221
0.32446929	1.48232924099999	0.523167014999998	1.447924931	0.485278715000001	0.416932715	0.395453049	0.393819987000002	0.397000662000002	0.388279509	0.0134716110223703	0.00709021863436179	0.0053840123125345	0.0343121214202944	0.0127766616882675	0.00937687346393021	0.00886334981430823	0.00839126968193264	0.00753208340297836	0.0835927603956293
0.332958023999999	1.5186194	0.537533903999999	1.485130572	0.497945219000001	0.428234225999999	0.406318744	0.404519779000002	0.407617536000001	0.39895354	0.0139206485699517	0.00907658853971772	0.00735887864394698	0.0182581657775789	0.0133546444819091	0.0110268830103997	0.0110901128523387	0.0112426939128511	0.00930372153734354	0.0670054175056095
0.341212967999999	1.554862085	0.550925946	1.522837357	0.510711402000001	0.439392771	0.416805979999999	0.414861488000002	0.417871406000001	0.409437504	0.0108012749499018	0.00690578673465626	0.0050274202247044	0.00772011928469476	0.0102734783461575	0.00865497421878069	0.00842593107596593	0.00785883175208813	0.00796486735106646	0.0734610600268689
0.349597267999999	1.590635516	0.564520293999999	1.562296362	0.523714511000001	0.450968274000001	0.427710466999999	0.425824981000002	0.428605762000001	0.42011605	0.0106963173854597	0.00549825056733752	0.00429633604730656	0.00728347120899738	0.00926425429223155	0.00846403933708448	0.00795401078909187	0.006595660723935	0.00645396311648039	0.0613884479687254
0.358048588999998	1.627945688	0.578297082999998	1.600627075	0.535946460000001	0.461766676000001	0.438066865999999	0.436131633000002	0.438829383000001	0.430314783	0.0112697019324599	0.0052915444236095	0.00406814042366149	0.00707176562974031	0.00980842063226526	0.010079911839486	0.00920794623329713	0.00660435815870076	0.00681219050141511	0.101148046871297
0.366380274999999	1.664433706	0.591968756999996	1.63782912600001	0.548434669	0.472668338000002	0.448559648999999	0.446519285000002	0.449218388000001	0.440681483	0.0110929961114863	0.00699398510328837	0.00636125756450795	0.00769828957594408	0.00940241037193254	0.00934062130085465	0.00847334221872355	0.00802854697087545	0.01026899910633	0.0576505602595411
0.374332177999999	1.698647021	0.604686047999997	1.67585214200001	0.560778433999999	0.483478519000002	0.458930024999999	0.456978306000002	0.459478668000001	0.450980693	0.00937637844393307	0.00757318914355221	0.00707536057221729	0.00529924626734407	0.00817757811193368	0.00788307591186441	0.00746689342367096	0.0075386182153515	0.00864640626108648	0.0961201291870892
0.382385646	1.731538615	0.617888162999997	1.71423311100001	0.573042367999999	0.494394663000002	0.469292632999998	0.467281676000001	0.469743867	0.461268817000001	0.0075146777583072	0.00566966902374122	0.00408113502803533	0.00618724465653512	0.00708552756744678	0.00675658126893193	0.00653375070124226	0.00609646471092905	0.00627406009660671	0.0875504678288725
0.390249002	1.76514852	0.630662822999996	1.75243175500001	0.585170441999998	0.505244165000003	0.479621903999999	0.477538494	0.479909644000001	0.471463255	0.00781416810059236	0.00479678545076155	0.00396051204481897	0.00643045104421937	0.00760070337959833	0.007509786233601	0.00707321885842447	0.00603191965111551	0.00578306586073645	0.0544142532954369
0.398320885	1.799832036	0.644398447999998	1.78867619600001	0.597180970999998	0.516045192000002	0.490004974999998	0.487872306000001	0.490093414000002	0.481756335	0.00761455431537485	0.00520017103115242	0.0037609435809744	0.00626323133793422	0.0073351453768271	0.00711738700373736	0.00633604416534538	0.00576086060819193	0.00621725553403135	0.0700874597961525
0.407079464	1.835456811	0.658697265999998	1.83028945300001	0.610741894999997	0.528154685000001	0.501665453999999	0.499418329000001	0.501738872000002	0.493262247000001	0.0084421004475324	0.00449179905668853	0.0039966010292488	0.0048696938181032	0.00802188681511757	0.00679346312259682	0.00596045219624292	0.00536940630959106	0.00580215542205542	0.0681360253877488
0.415702481000001	1.870825119	0.672685354999996	1.87118624900002	0.624107429999995	0.539877928000002	0.513167429999999	0.510682325000003	0.512944360000002	0.504359846	0.00805201349476702	0.00529959403838182	0.00622834579432571	0.00520300770352072	0.0077896027608439	0.00710628183096577	0.00652586350123386	0.00617644794473036	0.0070404417076687	0.0695482770815361
0.424275792000002	1.90664808500001	0.686435811999995	1.91139766000002	0.637469627999996	0.551845306000002	0.524495739999999	0.521930726000002	0.524176262000003	0.515455193	0.00791387135417914	0.00498071037406597	0.00425459928876156	0.00473282065202433	0.00761563997957674	0.00670795600894626	0.00609417089345557	0.00580901087953578	0.00625692337945184	0.0751243494098797
0.431854788000002	1.939350888	0.698662519999995	1.94841311300002	0.649219392999995	0.562293818000004	0.534505295	0.531972043000003	0.534124253000003	0.525371959	0.00777448567708064	0.00472855950170175	0.0032727342111652	0.00475774095265645	0.00746856921901047	0.00650338415456855	0.00562301028520305	0.00535195136478631	0.00561542849877709	0.0697643632809458
0.440383876000002	1.975254842	0.712444763999992	1.98924677200002	0.662697896999995	0.574240927000004	0.545693407000001	0.543300194000003	0.545204453000004	0.536568593	0.00724271561543199	0.00559495039816231	0.00438512849618239	0.00468355774069146	0.00693666322720919	0.00634656329703999	0.00562474450711224	0.00557140111643849	0.0058839057235652	0.0697053886541785
0.447961601000002	2.00663206	0.724600448999991	2.02560031000003	0.674500062999994	0.584614967000004	0.555732528	0.553243178000002	0.555150495000004	0.546432142	0.00735338302169644	0.00523991158035701	0.00443589954234216	0.00486461762068632	0.00693435811510201	0.00635427595158313	0.00572862838408586	0.00569299032951479	0.00621542084416557	0.087016701384112
0.455855199000002	2.039453435	0.737045280999989	2.06198909300003	0.686862172999994	0.595287921000003	0.565930926	0.563408749000001	0.565207509000004	0.556446265000001	0.0073849110210139	0.00474428878260067	0.00347086968995103	0.00528298237617277	0.00699594068253166	0.00666173845908587	0.00603615880352512	0.00597074179322622	0.00569041743541492	0.0827544450693237
0.464115410000002	2.072977083	0.75052625199999	2.10128812900003	0.699970044999994	0.606782553000002	0.576885653999998	0.574085792	0.575997493000001	0.567208132000002	0.00740485162699402	0.00530711248310101	0.00376739435702675	0.00545407889761568	0.00714008309049096	0.00666498798531846	0.00649521207673027	0.00699380239744688	0.0068898652766748	0.0834181113060643
0.471858897000001	2.10537954999999	0.763048419999989	2.13770919100003	0.711956503999994	0.617470324000002	0.587090619999998	0.584313733999999	0.58607324	0.577350522000001	0.00972173015858589	0.0106963320821667	0.00661423315155048	0.00531205093386227	0.0100308597875788	0.0095934367237771	0.0102934286367997	0.0114257812579869	0.012545964517833	0.0798856420827053
0.480721449000003	2.14157977499999	0.777081094999988	2.17927861900003	0.725480953999994	0.629349765000002	0.598444227999998	0.595642550999998	0.597465866000001	0.588538442000001	0.00699641918385777	0.00752394495896462	0.00385839583630298	0.0049485928573509	0.00725700794712243	0.0071303517334543	0.0074678527089584	0.0078941373934322	0.00773080806867189	0.0754207719485167
0.489055952000003	2.17675765499998	0.790556361999987	2.21932189300003	0.738518319999995	0.640787538000001	0.609545219	0.606589318999997	0.608441032	0.599393461000002	0.00604473868655857	0.00407885537620452	0.0032593031139032	0.00402715196291001	0.00545664256627724	0.00498649845774271	0.00485709187065079	0.00494205809247306	0.00546861546934456	0.0906251730151916
0.497455706000003	2.21281283999998	0.804136580999989	2.25913478600003	0.751545143999995	0.652415539000001	0.620779374	0.617782541999996	0.619564782000001	0.610435271000003	0.006482050384944	0.00417656393193648	0.00329136981460613	0.00448377674305106	0.00579305898012595	0.00521072831695022	0.00490284398253022	0.00486595944919469	0.00564882580533839	0.0685182063282894
0.505278677000003	2.24514638799998	0.816938760999988	2.29591804500003	0.763803504999995	0.663179974	0.631111674000002	0.627978772999996	0.629632321	0.620567510000003	0.00739297955161481	0.00599189339196254	0.00535594301586295	0.00447003331251724	0.00694824265017521	0.00667341778332541	0.00618131925862377	0.00582111830151675	0.00556027298570034	0.104460447426684
0.514178476000004	2.28222655199998	0.831419414999986	2.33909765300003	0.778151179999995	0.675956388000001	0.643288101000003	0.639976135999996	0.641567373999999	0.632502112000002	0.0075263188691315	0.00546213185636822	0.00457241952327791	0.0048943025950233	0.00688114619167227	0.00665165445261262	0.00642729490137698	0.00616080554859	0.00590957569445295	0.0873351164937929
0.522177880000004	2.31607332099998	0.844437077999987	2.37751300800003	0.790746376999997	0.686867191000002	0.653691726	0.650408682999995	0.652062636999999	0.643040362	0.00583421461256873	0.00410027108397513	0.00365173783001238	0.00503266034785564	0.00533110333633642	0.00498996512828948	0.00469732263792871	0.0046786840513834	0.00579964907815441	0.0711892544912341
0.530368182000003	2.34967189799998	0.857689136999988	2.41753324600003	0.803322260999995	0.698004482000004	0.664347351999999	0.661130036999995	0.662657538999998	0.653589538	0.00618741081089465	0.00461304659772511	0.00464479721577086	0.00578317767771843	0.00602878169332191	0.00608572951085742	0.00634810665936396	0.00702512262751768	0.00789334509513112	0.059827079846837
0.537651610000004	2.38067977699998	0.869614726999988	2.45287847700002	0.814924362999995	0.708199917000004	0.674090418000001	0.670645012999998	0.672128358999998	0.663006157999999	0.00587076961747062	0.00375025676371671	0.00333558857825882	0.00460821655305809	0.00532831441882424	0.00501496242427988	0.00477074720242066	0.00474661833524196	0.00440763618598903	0.0923144142593725
0.545402434000004	2.41408011699998	0.882073282999989	2.48952276500002	0.826972574999996	0.718894252000004	0.684359877	0.680951985999998	0.682236199	0.673094016999999	0.00592896623962719	0.00431421476193046	0.00397278895319306	0.00777987934891944	0.00586827987577618	0.0059009509563343	0.00599018127264523	0.00609316902384158	0.00443902704772295	0.043439221658462
0.553876501000005	2.45195565899999	0.895819275999988	2.53058179100001	0.840045921999996	0.730444093000002	0.695464225999999	0.692003468999999	0.693218592	0.684044108999999	0.00602907410158488	0.00450719231151568	0.00449725783962993	0.00686839252667748	0.00585103320569478	0.0059383956431171	0.00610321713721285	0.00611771033536617	0.00492704936260038	0.0693072021267209
0.562038046000006	2.48531326599998	0.909078955999987	2.57017788400001	0.852781214999997	0.741800135000004	0.706539110999998	0.702934733	0.703975307999998	0.694736066999999	0.00523239765109646	0.00314554161291169	0.00305843158644883	0.015646656150059	0.0049903822114764	0.00489040171629012	0.00482288166235197	0.00476071012319935	0.00479296939292004	0.0777467757013784
0.569959476000007	2.51813687999998	0.921550232999986	2.60738614300001	0.864936361999998	0.752591900000004	0.716899502999998	0.713111721999998	0.714087412999999	0.704862392999999	0.00515511022413809	0.0031491454200255	0.00303636579874706	0.00409251446823793	0.00470623701642966	0.00440575530056629	0.00408095689715618	0.00383737004561071	0.00409998677110493	0.0802720179426093
0.578998962000007	2.55633301499998	0.936020588999986	2.65019652600002	0.878781129999998	0.764739932000004	0.728598695999997	0.724724869999997	0.725780860999997	0.716375103000001	0.00546518627660052	0.00386816521667561	0.00349074846489852	0.00476007572613201	0.00515976992042157	0.00496792799161172	0.00473577393523203	0.0044208197132166	0.00443346348410436	0.106684972568218
0.586865189000007	2.58982777299998	0.948658940999987	2.68760590000001	0.891051445999997	0.775520502000005	0.738951968999995	0.734994011	0.736058385999997	0.726639817000001	0.00815142419026407	0.00677336919365318	0.00625509136289459	0.005315961944923	0.00869903210958508	0.00925135082005474	0.00967255571363501	0.0101597987235601	0.00717239923813941	0.0824850800969339
0.594362677000006	2.62205228099998	0.961086415999985	2.72352216200001	0.902600886999997	0.785609129000005	0.748624396999993	0.74474005	0.745674357999997	0.736154077000003	0.00503127327347316	0.00330336658845658	0.00303455749230506	0.00449994580203158	0.0048988422758025	0.00482379711447291	0.00499294540678651	0.00479326237811064	0.0050379952472449	0.0921875837419449
0.602278599000005	2.65436563199998	0.973656979999985	2.76064302700001	0.914706204999997	0.796157218000005	0.758802256999992	0.754916909999999	0.755742268999997	0.746123494000002	0.00493738912766169	0.00385644955051119	0.0037302115214425	0.00422732818669043	0.00464543489668714	0.00437107150477265	0.00413404113634101	0.00389284855449976	0.00452403801800246	0.0695659656050287
0.609836555000004	2.68522596099998	0.985883470999985	2.79603529900001	0.926335178999997	0.806596699000005	0.768777445999992	0.764753941999999	0.765499329999997	0.755851590000002	0.00482166246233521	0.00323101041060167	0.00300385870068251	0.00420342453054388	0.00455606658799673	0.00431193234425304	0.0040695204749606	0.00366240443466341	0.00456430444700627	0.0702163329050105
0.618287315000004	2.72196206699998	0.999801520999985	2.83478865900002	0.939148352999998	0.818067082000007	0.779787180999992	0.775639708999999	0.776296036999997	0.766626233000003	0.00461395346632661	0.00322964739871694	0.00303884507485899	0.00669756583058722	0.0043751705073918	0.00416076133925651	0.00391755531749273	0.00351623726565653	0.00425681437568651	0.0751904655943097
0.626472595000004	2.75558353499998	1.01310486799998	2.87273241400002	0.951805019999998	0.829280239000007	0.790497915999992	0.786414328999999	0.786906633999997	0.777195821000004	0.00479254013115196	0.00361575778664668	0.00317225153249969	0.00458858253089602	0.00453084315942499	0.00428185966376088	0.00393625623430194	0.00348714260228779	0.00379753995610201	0.0704474318985134
0.634545452000003	2.78805929799998	1.02600716199999	2.91106579600001	0.964253654999999	0.840379059000009	0.801069912999993	0.796955444999999	0.797443710999997	0.787555598000003	0.00462699126113237	0.0036417025262797	0.00346374244082815	0.00729052837960616	0.00441184529194744	0.00421150670100011	0.00402748500946414	0.00359457469976303	0.00395532930604159	0.0691286007484453
0.642029360000003	2.81851318299998	1.03782050599998	2.94713503000001	0.975709091999997	0.850408045000009	0.810752912999995	0.806486140000001	0.806958130999995	0.797089620000003	0.00463227404502018	0.00321400279692791	0.00310376326348599	0.0054795419527939	0.00446203613707463	0.00434824312028979	0.00429100673531029	0.00384095927141393	0.00473643612714538	0.0758855862101593
0.649900020000002	2.85041443599998	1.05040647799998	2.983904346	0.987822381999996	0.861121316000009	0.821071389999995	0.816674245	0.817072733999995	0.807175252000003	0.00486093221601737	0.00351925111789329	0.00323446125778939	0.00482759911709791	0.00473687410073341	0.00464522734662803	0.00449552001869322	0.00403019035158343	0.00434372671614121	0.0734221849633553
0.659023482000003	2.88827954999998	1.06507066299998	3.02838645700001	1.001826383	0.873512935000008	0.833003605999994	0.828587345000001	0.828954599999995	0.819097423000002	0.00449842654357112	0.00336397781495958	0.00317183945931625	0.00337226391638172	0.0043230086206144	0.00416257071767019	0.00400710812691545	0.00355439410121621	0.00383667990371985	0.0449943831900799
0.666693294000002	2.92041712699998	1.07749657899999	3.06537101800001	1.013870452	0.884144910000009	0.843339680999993	0.838845359	0.839052117999994	0.829172078000003	0.00458924129063652	0.00346255669894229	0.00358837682777398	0.00511890772589573	0.00444774503414252	0.00433661362169049	0.00420759772059626	0.00386963873503854	0.00547184752687735	0.0447749250912416
0.674194704000001	2.95204346599998	1.08973340299999	3.10153960900001	1.025686583	0.894604548000008	0.853390079999993	0.848786717	0.848909877999994	0.839178382000004	0.00465256203087671	0.00370754287346374	0.00345092781416602	0.00497007887447274	0.00452888423286083	0.00447877898725066	0.00428826924444933	0.00413981755975942	0.00451000794109606	0.0297720759076435
0.681820419000001	2.98389563699998	1.10205757099999	3.13892586200001	1.037581819	0.905248621000009	0.863408297999995	0.858781968	0.859003848999994	0.849110309000006	0.00592898112959196	0.00417534148718626	0.00486272201042212	0.00448967374818276	0.00610871916880963	0.00624670490280498	0.00509498121783345	0.00525938616299996	0.00728623186913941	0.0574498719149417
0.689893885	3.01771729199998	1.11514029099999	3.177999414	1.049942726	0.916205142000011	0.874023229999993	0.869237477	0.869268859999994	0.859551405000005	0.00449898551955236	0.00329586551518421	0.003214243687542	0.00384063748395852	0.00442944087633704	0.00441103056306675	0.00380722528327249	0.00372882694107891	0.00525234017948821	0.048311101993407
0.697140562	3.04847958799998	1.12687361599998	3.213332519	1.061554927	0.926363173000012	0.883749345999994	0.879049434	0.878731334999995	0.869006855000005	0.00430981906824316	0.00299838361799034	0.00274249599886478	0.00399062491197023	0.00411780763226749	0.00391071908377344	0.00325429720601893	0.00291759945952199	0.0039452988092154	0.0683020859183633
0.704976353999998	3.08008733899998	1.13962371699998	3.25141831500001	1.073964284	0.93729394400001	0.894345329999993	0.889449458	0.888986734999994	0.879214243000004	0.00423553039673108	0.00353323277448337	0.00327514796289333	0.00390131921468923	0.00407619378549362	0.00395058180369534	0.00386070582494827	0.00459941376937812	0.00718149806206872	0.0893398542316738
0.712443517999998	3.11272559999998	1.15164741599998	3.288178981	1.08592757	0.947808154000011	0.904336561999992	0.899487789	0.898752135999993	0.889171323000006	0.00446523771942122	0.00347694908643421	0.00364268709919869	0.00490269909422121	0.0043356380981692	0.00420282653508321	0.00374910513997393	0.0036133732147675	0.0046626870965102	0.0704402895681824
0.721577551999997	3.15088937799998	1.16662663899999	3.332086923	1.100183069	0.96045985700001	0.916535041999992	0.911623504000001	0.910767714999993	0.901145495000006	0.00429891438117205	0.00329043068873919	0.00311426664137954	0.00474315724065993	0.00413406094443566	0.00400155267256868	0.00342361832067959	0.00333050616158793	0.00357789162420351	0.0688800044021397
0.730311164999994	3.18799370699998	1.18037513499998	3.37355506700001	1.113549196	0.972320322000009	0.927786756999993	0.922703772	0.922025063999994	0.912178846000007	0.00446658840750924	0.00323815367866222	0.00290712525308833	0.0376571391774509	0.00430428433366883	0.00412805155565478	0.00337825656136736	0.00318375941432128	0.00322342351069472	0.0979441201993669
0.737969187999994	3.22091075999997	1.19249472199998	3.410031523	1.125329883	0.982750237000011	0.937840391999991	0.932703365000001	0.932060211999994	0.921995667000007	0.00443340709042878	0.00294844840006652	0.00263444821793408	0.0216426329826954	0.00428434463132142	0.00409425204493116	0.00346974466209791	0.00358011834559791	0.00393319549613953	0.0770630989253547
0.745970718999995	3.25561097499997	1.20530248899998	3.448146325	1.137918929	0.99379937000001	0.94856623899999	0.943216890000004	0.942530626999993	0.932355498000006	0.00439587285450276	0.00364421761752753	0.00327771311280314	0.0146607743152287	0.00425134869551972	0.00399492172548118	0.00344141554451013	0.00310153961340033	0.00321538039605503	0.113971378534483
0.753505326999995	3.28639826099996	1.21747009399998	3.483278291	1.149727502	1.00422744300001	0.958605675999992	0.953179505000004	0.952373246999994	0.942169094000005	0.0044497929688701	0.00314073728941024	0.00257945225714014	0.00912127123630792	0.00431849994560549	0.00407932197434694	0.00351459172299534	0.00362114297127562	0.00413923385704194	0.0749235521367655
0.761374316999995	3.31903067599996	1.23014164499998	3.52122204599999	1.161884696	1.01496833100001	0.96875267199999	0.963271586000004	0.962317124999993	0.952248270000005	0.00409460803990988	0.00294579256581499	0.00250880313024262	0.0108707371255374	0.00389517071050488	0.00351675125378813	0.00309199553091875	0.00308303922223535	0.00352822066676989	0.0832263455392727
0.769517413999995	3.35342544399996	1.24310355199999	3.559601897	1.174635292	1.02620003100001	0.979652664999989	0.973932994000005	0.972904518999992	0.962807558000007	0.00393387836133432	0.00301027329851631	0.00324072608733879	0.00651936533046657	0.00375244981779872	0.00342103559024677	0.00328374030362961	0.00399977370876574	0.00577723387990893	0.069458547043638
0.777393614999995	3.38626961999996	1.25556822799998	3.597007998	1.187076047	1.03679563200001	0.989898379999988	0.984097969000006	0.982860246999992	0.972768629000005	0.00422447602216186	0.00444346550645292	0.00255692159620349	0.0431777921791434	0.00419404659278526	0.00404130328798551	0.00461870046896163	0.00525346162406771	0.00651754359393251	0.0662106594566093
0.785777308999996	3.42271588599996	1.26901542399999	3.636738486	1.200353453	1.04845142300001	1.00107298199999	0.995130821000007	0.993892307999991	0.983674887000007	0.00458957964799395	0.00321749683945596	0.0031855719627169	0.0152619591779873	0.00443835644200472	0.00348225778097765	0.00320748728391861	0.00357018865868827	0.00511921489585097	0.0835521750201714
0.793393595999994	3.45610528199996	1.28134255699999	3.67364522299999	1.212311746	1.05914722200001	1.01123912199999	1.00515964800001	1.00386200799999	0.993628656000007	0.00398216107665163	0.00269890292549986	0.0026674955017731	0.0102048382620778	0.00378728733830126	0.00327582214330115	0.0030178558304733	0.00309943182905338	0.00491833239361034	0.0760085691367323
0.800640024999994	3.48695130699995	1.29293569399998	3.70785954399999	1.223552106	1.06905622200001	1.02082026099999	1.01462876000001	1.01322175199999	1.00297266400001	0.00540271979972108	0.00469951967298069	0.00318562153766573	0.0076013133684478	0.00539479270704811	0.0054708402216522	0.00457462790529325	0.00490504796511256	0.00619802372486605	0.0864418775618058
0.808754435999994	3.52021494699995	1.30611046299998	3.746756382	1.236296212	1.08043475300001	1.03166001099998	1.02537714000001	1.02396486599999	1.01370396200001	0.00473572710990932	0.00360001007835396	0.00298924728950829	0.00870350808861401	0.00461577346684422	0.0041561384669905	0.00386527953002333	0.00394838235069177	0.00517996784489642	0.0810467223567743
0.816006724999995	3.55057036399995	1.31761804099998	3.78060339999999	1.24748105800001	1.09022633900001	1.04110302899999	1.03475150400001	1.03321151699999	1.02297983700001	0.00465477873722566	0.00357913907641391	0.00274692232400076	0.0066463161004879	0.00451114585869069	0.00376396223097575	0.00374940889498203	0.00413822658989858	0.00466838224569149	0.101772226413159
0.823896375999996	3.58357818699995	1.32988788099998	3.81706738499999	1.259520248	1.10061592100001	1.05124337999998	1.04469209200001	1.04332463099998	1.03300269200001	0.00420252787141189	0.00314014112068241	0.0025404982941299	0.00582049345243082	0.00369182576971887	0.00327206539094218	0.00325183518737266	0.00362954905781221	0.00458241578400192	0.0945137177886891
0.832045850999995	3.61819017799995	1.34298600399998	3.85594761599998	1.272332756	1.11204724500001	1.06207192599998	1.05537828200001	1.05396410199998	1.043668056	0.00446687822961095	0.00439174359390277	0.00305341437755272	0.00583558913501442	0.00424531788333586	0.00464773010581642	0.00485757645781475	0.00526759038577796	0.0054210489806766	0.0875391632667269
0.840140480999996	3.65082829099996	1.35589199699998	3.89377166099999	1.284866205	1.12285191800001	1.07231322399998	1.06561857300001	1.06417462099998	1.05381582500001	0.00443081490197211	0.0041317724330164	0.00296294343131857	0.00610361273470872	0.00399876802196407	0.00414832567324467	0.00442393619837791	0.00496043560694595	0.00522332743207488	0.0784830028186169
0.848201521999997	3.68373925899996	1.36868955999998	3.93134626999999	1.29725909000001	1.133704323	1.08267998399998	1.075871835	1.07437556499998	1.06399727300001	0.00385638714255085	0.00292409591136402	0.00263390622754249	0.00598284192735158	0.0034335146494731	0.00306750846611843	0.0029522896219375	0.00285696969244622	0.00308446338468554	0.0746015974564654
0.856291128999996	3.71604249099995	1.38174616899998	3.96919123499999	1.30971696100001	1.144473575	1.09310691499998	1.08620078400001	1.08450174799998	1.07419120500001	0.00448505246454785	0.00355082524609195	0.00308935886268396	0.00826952497250139	0.00381711161751454	0.0034292973223874	0.00343371603008036	0.00355457837819734	0.004886961523806	0.0860024359587221
0.863784411999996	3.74666109899995	1.39376206699998	4.00453817199999	1.32118696700001	1.154607161	1.10285307699998	1.096061355	1.09412409699998	1.08395859300001	0.0041710545886571	0.00398413938336194	0.00328081121617592	0.00565864593762577	0.00373796842800148	0.00375107060406972	0.00368149452819137	0.0036774859782597	0.00459483785530218	0.0752778926030181
0.871441822999996	3.77816338999995	1.40589533299998	4.04078054099999	1.33308180800001	1.164942966	1.11275376999998	1.105852326	1.10392705899998	1.093669715	0.00389002787745137	0.00279495721230119	0.00245842893343959	0.0106460601511245	0.00337968268532681	0.00310496464745284	0.00302553483675351	0.00300647122203916	0.00342800726376092	0.0794392675827739
0.879380017999993	3.81111469999994	1.41874117599998	4.07887449999999	1.34554949800001	1.176013984	1.12338547099998	1.116425554	1.11450406699998	1.104116941	0.00388460322188438	0.00298586810968195	0.00241281227571401	0.00527815311589544	0.00336090996621367	0.00301507299006823	0.00295455970277742	0.00287283246564792	0.00328058882723442	0.0935342356854984
0.887140766999994	3.84349084499995	1.43111045799998	4.11608062099999	1.35746791800002	1.18655369	1.13345206199998	1.12660883200001	1.12458723399998	1.11413796000001	0.00371089995669668	0.00343124094414996	0.0027605488616429	0.00591360794608316	0.00346085370689111	0.00329915648940907	0.00339218176728395	0.00362491467112299	0.00369997203771687	0.0753597866944838
0.894749976999994	3.87455124899994	1.44344671999998	4.15251664399999	1.36942966200001	1.197089112	1.14356124899998	1.13666174000001	1.13448413699998	1.12403698300001	0.00359745103709825	0.00246083963199203	0.00230546169939967	0.00454649140360245	0.00313094563675361	0.00289466112072835	0.00277780833903283	0.00265182965920809	0.00297143864739668	0.0799141256703326
0.903722654999995	3.91084809499995	1.45818913299998	4.19598305299999	1.38360502500001	1.209695492	1.15568912999998	1.14867025600001	1.14642209199998	1.13591827400001	0.00341477755055502	0.00259053999639861	0.00221710029623099	0.0055259484341422	0.00317756464778948	0.00309224770654275	0.00323937420673384	0.00359399821639274	0.00395270358420023	0.0827655582133291
